## (Multidimensional) Subset Sum problem

In computer science, the subset sum problem is an important problem in complexity theory and cryptography. The problem is this: given a set (or multiset) of integers, is there a non-empty subset whose sum is zero? For example, given the set {−7, −3, −2, 5, 8}, the answer is yes because the subset {−3, −2, 5} sums to zero. The problem is NP-complete.

An equivalent problem is this: given a set of integers and an integer s, does any non-empty subset sum to s? Subset sum can also be thought of as a special case of the knapsack problem. One interesting special case of subset sum is the partition problem, in which s is half of the sum of all elements in the set.

https://en.wikipedia.org/wiki/Subset_sum_problem

## Abstract Binary Search & Phi

I create this functions in year 2012, has many applications and including unorthodox methods to solve NP-Complete problems, in this case, only I present as adaptation, to the Multidimensional Subset Sum problem.

## Licence

Extends the license of each file on this exclusive directory, for personal use and non-profit, except express and explicit mention of its author, at this case extends the license for commercial uses.

## About Me:
Oscar Riveros - oscar.riveros@peqnp.com - twitter.com/maxtuno

## Report

./mssp 1000 1

universe : [[1](962), [1](-114), [1](-734), [1](-935), [1](-502), [1](629), [1](-536), [1](-355), [1](-662), [1](-976), [1](-895), [1](85), [1](804), [1](-876), [1](-683), [1](-808), [1](-783), [1](-943), [1](432), [1](-228), [1](-853), [1](-17), [1](-697), [1](-356), [1](572), [1](140), [1](15), [1](810), [1](-932), [1](-388), [1](336), [1](-971), [1](-58), [1](180), [1](-36), [1](283), [1](969), [1](-165), [1](-102), [1](-52), [1](696), [1](-912), [1](722), [1](495), [1](-48), [1](-752), [1](-698), [1](-955), [1](794), [1](-889), [1](-754), [1](-521), [1](-202), [1](-690), [1](-5), [1](520), [1](-828), [1](-926), [1](92), [1](-455), [1](148), [1](402), [1](902), [1](458), [1](-334), [1](631), [1](-35), [1](941), [1](-425), [1](-836), [1](841), [1](-812), [1](692), [1](-950), [1](893), [1](845), [1](328), [1](462), [1](-717), [1](-261), [1](-692), [1](-655), [1](328), [1](36), [1](261), [1](531), [1](845), [1](-930), [1](642), [1](-994), [1](710), [1](680), [1](187), [1](-838), [1](-969), [1](-447), [1](-690), [1](93), [1](763), [1](579), [1](940), [1](-551), [1](-127), [1](585), [1](907), [1](265), [1](-47), [1](-480), [1](201), [1](-581), [1](559), [1](932), [1](-353), [1](613), [1](657), [1](361), [1](263), [1](-147), [1](-67), [1](-528), [1](-224), [1](-557), [1](-546), [1](-405), [1](369), [1](895), [1](905), [1](473), [1](-648), [1](-974), [1](521), [1](125), [1](741), [1](-414), [1](-386), [1](-87), [1](-293), [1](701), [1](-387), [1](122), [1](-784), [1](-810), [1](-886), [1](272), [1](681), [1](-658), [1](132), [1](-729), [1](302), [1](990), [1](868), [1](862), [1](103), [1](518), [1](436), [1](-730), [1](-992), [1](-424), [1](-51), [1](-934), [1](-32), [1](774), [1](-116), [1](-422), [1](-554), [1](-951), [1](-550), [1](-548), [1](-976), [1](788), [1](286), [1](-48), [1](327), [1](80), [1](547), [1](772), [1](-107), [1](-992), [1](691), [1](319), [1](-388), [1](273), [1](-248), [1](443), [1](794), [1](-94), [1](857), [1](805), [1](-20), [1](617), [1](616), [1](489), [1](413), [1](-742), [1](-26), [1](891), [1](476), [1](448), [1](-637), [1](138), [1](272), [1](513), [1](631), [1](14), [1](280), [1](-963), [1](548), [1](978), [1](-870), [1](-633), [1](-918), [1](791), [1](130), [1](-711), [1](-177), [1](-501), [1](-198), [1](-333), [1](814), [1](-354), [1](951), [1](715), [1](-514), [1](-288), [1](721), [1](-47), [1](916), [1](-501), [1](-377), [1](353), [1](201), [1](-116), [1](793), [1](-481), [1](-728), [1](374), [1](-260), [1](-984), [1](-594), [1](-155), [1](-273), [1](-675), [1](811), [1](455), [1](334), [1](1000), [1](347), [1](-13), [1](530), [1](226), [1](201), [1](135), [1](-524), [1](881), [1](-960), [1](-417), [1](315), [1](508), [1](601), [1](809), [1](-663), [1](525), [1](454), [1](-274), [1](-322), [1](264), [1](551), [1](677), [1](-451), [1](166), [1](197), [1](-663), [1](496), [1](877), [1](88), [1](-514), [1](-459), [1](-766), [1](-637), [1](-507), [1](-775), [1](822), [1](-861), [1](808), [1](244), [1](-841), [1](-855), [1](-686), [1](275), [1](-769), [1](-427), [1](311), [1](-332), [1](-603), [1](269), [1](388), [1](-298), [1](-222), [1](-446), [1](-484), [1](143), [1](983), [1](-562), [1](-794), [1](664), [1](268), [1](-292), [1](-237), [1](112), [1](-485), [1](-114), [1](-118), [1](561), [1](382), [1](-415), [1](-53), [1](872), [1](-688), [1](944), [1](-56), [1](374), [1](-103), [1](-105), [1](825), [1](266), [1](430), [1](104), [1](-416), [1](-416), [1](-46), [1](-777), [1](372), [1](-605), [1](-645), [1](-359), [1](79), [1](598), [1](518), [1](-68), [1](-657), [1](769), [1](-412), [1](679), [1](852), [1](713), [1](273), [1](-35), [1](590), [1](455), [1](603), [1](8), [1](-677), [1](398), [1](879), [1](896), [1](891), [1](-165), [1](-543), [1](243), [1](327), [1](-846), [1](870), [1](-278), [1](513), [1](-944), [1](953), [1](-915), [1](759), [1](803), [1](196), [1](-765), [1](-362), [1](613), [1](-344), [1](-106), [1](613), [1](-112), [1](-876), [1](-890), [1](-743), [1](773), [1](-712), [1](-977), [1](218), [1](-700), [1](181), [1](703), [1](-255), [1](-154), [1](-42), [1](-256), [1](-923), [1](-353), [1](579), [1](-161), [1](-57), [1](938), [1](-437), [1](-719), [1](274), [1](19), [1](-359), [1](214), [1](-272), [1](302), [1](-215), [1](278), [1](-710), [1](70), [1](570), [1](-454), [1](-570), [1](433), [1](-242), [1](907), [1](453), [1](-809), [1](502), [1](464), [1](438), [1](966), [1](234), [1](-171), [1](850), [1](459), [1](224), [1](-793), [1](736), [1](-307), [1](-548), [1](270), [1](-598), [1](20), [1](923), [1](300), [1](261), [1](-205), [1](-34), [1](734), [1](503), [1](760), [1](694), [1](-978), [1](-797), [1](-965), [1](843), [1](-767), [1](267), [1](316), [1](388), [1](-240), [1](793), [1](736), [1](-647), [1](-655), [1](-457), [1](-379), [1](684), [1](-210), [1](999), [1](-754), [1](-215), [1](-827), [1](-454), [1](-242), [1](963), [1](-656), [1](51), [1](288), [1](-23), [1](-799), [1](-336), [1](121), [1](361), [1](-601), [1](540), [1](520), [1](535), [1](-465), [1](-292), [1](-864), [1](11), [1](-481), [1](-676), [1](424), [1](-205), [1](999), [1](667), [1](2), [1](293), [1](419), [1](194), [1](-140), [1](883), [1](-619), [1](-918), [1](843), [1](-64), [1](370), [1](605), [1](549), [1](-797), [1](-382), [1](663), [1](-351), [1](-58), [1](-775), [1](739), [1](-317), [1](23), [1](852), [1](-906), [1](889), [1](-471), [1](820), [1](-439), [1](798), [1](-388), [1](-360), [1](-675), [1](714), [1](-401), [1](920), [1](-482), [1](-951), [1](-244), [1](49), [1](-700), [1](-404), [1](644), [1](-347), [1](691), [1](-622), [1](-164), [1](377), [1](-380), [1](-821), [1](31), [1](-205), [1](-486), [1](-67), [1](-644), [1](-895), [1](-104), [1](282), [1](-716), [1](410), [1](-723), [1](-397), [1](971), [1](-629), [1](859), [1](678), [1](506), [1](-418), [1](413), [1](-976), [1](403), [1](-502), [1](-453), [1](647), [1](631), [1](-39), [1](-656), [1](-552), [1](-778), [1](266), [1](-740), [1](316), [1](924), [1](417), [1](-736), [1](671), [1](-299), [1](981), [1](595), [1](-942), [1](306), [1](-196), [1](392), [1](-634), [1](59), [1](22), [1](63), [1](25), [1](933), [1](-346), [1](222), [1](-388), [1](532), [1](-480), [1](404), [1](-344), [1](-513), [1](-571), [1](859), [1](288), [1](482), [1](111), [1](605), [1](-84), [1](938), [1](-312), [1](-590), [1](-699), [1](-715), [1](751), [1](396), [1](-640), [1](732), [1](-861), [1](-378), [1](-273), [1](702), [1](582), [1](-649), [1](417), [1](-297), [1](-932), [1](-307), [1](861), [1](-464), [1](363), [1](-470), [1](223), [1](-58), [1](534), [1](794), [1](792), [1](22), [1](-749), [1](487), [1](-539), [1](318), [1](-547), [1](809), [1](178), [1](-297), [1](-326), [1](116), [1](-778), [1](940), [1](-471), [1](528), [1](-657), [1](-986), [1](69), [1](-557), [1](-387), [1](-12), [1](-190), [1](-304), [1](418), [1](744), [1](672), [1](659), [1](181), [1](457), [1](933), [1](-776), [1](-863), [1](556), [1](16), [1](-509), [1](-958), [1](895), [1](-731), [1](902), [1](623), [1](219), [1](-504), [1](474), [1](-129), [1](902), [1](721), [1](223), [1](951), [1](-29), [1](-391), [1](727), [1](212), [1](44), [1](571), [1](67), [1](696), [1](-502), [1](-186), [1](-208), [1](171), [1](-130), [1](-815), [1](-66), [1](83), [1](404), [1](-862), [1](-35), [1](-540), [1](-306), [1](551), [1](-927), [1](-497), [1](-955), [1](-432), [1](-334), [1](162), [1](589), [1](706), [1](662), [1](318), [1](-722), [1](569), [1](-328), [1](143), [1](153), [1](-414), [1](-874), [1](-702), [1](323), [1](-925), [1](-763), [1](-532), [1](274), [1](621), [1](-575), [1](947), [1](-290), [1](-441), [1](-830), [1](61), [1](-908), [1](-226), [1](458), [1](-726), [1](-382), [1](42), [1](-251), [1](450), [1](728), [1](-958), [1](-613), [1](-181), [1](-427), [1](780), [1](-797), [1](649), [1](-483), [1](280), [1](918), [1](45), [1](-516), [1](-915), [1](-26), [1](404), [1](-445), [1](-943), [1](119), [1](559), [1](344), [1](-351), [1](-766), [1](642), [1](-156), [1](-303), [1](608), [1](163), [1](857), [1](192), [1](-104), [1](606), [1](115), [1](849), [1](234), [1](-141), [1](104), [1](-56), [1](874), [1](279), [1](243), [1](334), [1](-63), [1](526), [1](768), [1](61), [1](663), [1](800), [1](963), [1](-52), [1](937), [1](-548), [1](-912), [1](741), [1](297), [1](-690), [1](770), [1](886), [1](-219), [1](252), [1](-457), [1](-660), [1](432), [1](899), [1](630), [1](-131), [1](-567), [1](-400), [1](-359), [1](-363), [1](-324), [1](964), [1](541), [1](534), [1](-383), [1](892), [1](300), [1](-949), [1](-404), [1](-413), [1](639), [1](-518), [1](-383), [1](410), [1](-81), [1](-667), [1](979), [1](-996), [1](-407), [1](-941), [1](762), [1](768), [1](353), [1](570), [1](-363), [1](65), [1](-291), [1](359), [1](424), [1](736), [1](-909), [1](223), [1](-417), [1](-83), [1](-754), [1](1), [1](-767), [1](-450), [1](73), [1](-110), [1](-806), [1](248), [1](361), [1](600), [1](621), [1](-80), [1](-11), [1](677), [1](474), [1](-446), [1](287), [1](968), [1](298), [1](-537), [1](500), [1](881), [1](149), [1](109), [1](-862), [1](-180), [1](-77), [1](489), [1](-656), [1](-130), [1](946), [1](554), [1](89), [1](979), [1](444), [1](809), [1](-351), [1](432), [1](-749), [1](-696), [1](740), [1](-87), [1](-936), [1](-638), [1](974), [1](952), [1](161), [1](782), [1](-335), [1](618), [1](129), [1](-185), [1](-823), [1](568), [1](895), [1](-12), [1](617), [1](742), [1](-176), [1](-988), [1](156), [1](-564), [1](462), [1](-757), [1](656), [1](451), [1](-197), [1](-507), [1](614), [1](862), [1](853), [1](-420), [1](612), [1](-59), [1](346), [1](392), [1](-778), [1](-789), [1](-556), [1](-585), [1](75), [1](195), [1](766), [1](-883), [1](38), [1](-178), [1](-327), [1](-893), [1](-554), [1](856), [1](-783), [1](-789), [1](759), [1](-335), [1](211), [1](966), [1](-909), [1](-54), [1](541), [1](487), [1](364), [1](-408), [1](985), [1](-989), [1](295), [1](-155), [1](-840), [1](-56), [1](-834), [1](397), [1](-645), [1](197), [1](924), [1](-210), [1](503), [1](-787), [1](-116), [1](509), [1](-420), [1](808), [1](-232), [1](-277), [1](666), [1](26), [1](-240), [1](-529), [1](981), [1](63), [1](351), [1](-597), [1](-866), [1](253), [1](-338), [1](-638), [1](-312), [1](-493), [1](424), [1](-134), [1](-321), [1](225), [1](750), [1](740), [1](286), [1](336), [1](-895), [1](138), [1](492), [1](236), [1](-621), [1](802), [1](-347), [1](-850), [1](-790), [1](-978), [1](600), [1](-642), [1](918), [1](776), [1](203), ]

target   : [1](6029)

5029 => 0.004682 (s)
5028 => 0.005323 (s)
5026 => 0.006496 (s)
4029 => 0.007792 (s)
4028 => 0.010189 (s)
3030 => 0.011996 (s)
3029 => 0.01551 (s)
2690 => 0.094354 (s)
2689 => 0.246604 (s)
1813 => 0.322461 (s)
1812 => 0.476403 (s)
991 => 0.56667 (s)
990 => 0.744874 (s)
142 => 0.8374 (s)
141 => 1.02119 (s)
139 => 1.11963 (s)
138 => 1.30909 (s)
111 => 1.4086 (s)
110 => 1.60678 (s)
58 => 1.74172 (s)
57 => 2.00717 (s)
50 => 2.15869 (s)
49 => 2.46113 (s)
9 => 2.63787 (s)
8 => 2.99388 (s)
5 => 3.17535 (s)
4 => 3.53873 (s)
1 => 3.73058 (s)
0 => 5.65862 (s)

subset   : [1](6029)

[[1](-5), [1](-699), [1](-700), [1](-700), [1](701), [1](-702), [1](702), [1](703), [1](706), [1](-710), [1](710), [1](-711), [1](-712), [1](713), [1](714), [1](-715), [1](715), [1](-716), [1](-717), [1](-719), [1](721), [1](721), [1](-722), [1](722), [1](-723), [1](-726), [1](727), [1](728), [1](-728), [1](-729), [1](-730), [1](-731), [1](732), [1](734), [1](-734), [1](736), [1](736), [1](-736), [1](736), [1](739), [1](740), [1](740), [1](-740), [1](741), [1](741), [1](-742), [1](742), [1](-743), [1](744), [1](-749), [1](-749), [1](750), [1](751), [1](-752), [1](-754), [1](-754), [1](-754), [1](-757), [1](759), [1](759), [1](760), [1](762), [1](763), [1](-763), [1](-765), [1](-766), [1](-766), [1](766), [1](-767), [1](-767), [1](768), [1](768), [1](-769), [1](769), [1](770), [1](772), [1](773), [1](774), [1](-775), [1](-775), [1](-776), [1](776), [1](-777), [1](-778), [1](-778), [1](-778), [1](780), [1](782), [1](-783), [1](-783), [1](-784), [1](-787), [1](788), [1](-789), [1](-789), [1](-790), [1](791), [1](792), [1](-793), [1](793), [1](793), [1](794), [1](794), [1](-794), [1](794), [1](-797), [1](-797), [1](-797), [1](798), [1](-799), [1](800), [1](802), [1](803), [1](804), [1](805), [1](-806), [1](808), [1](-808), [1](808), [1](809), [1](-809), [1](809), [1](809), [1](-810), [1](810), [1](811), [1](-812), [1](814), [1](-815), [1](820), [1](-821), [1](822), [1](-823), [1](825), [1](-827), [1](-828), [1](-830), [1](-834), [1](-836), [1](-838), [1](-840), [1](841), [1](-841), [1](843), [1](843), [1](845), [1](845), [1](-846), [1](849), [1](-850), [1](850), [1](852), [1](852), [1](853), [1](-853), [1](-855), [1](856), [1](857), [1](857), [1](859), [1](859), [1](861), [1](-861), [1](-861), [1](-862), [1](862), [1](-862), [1](862), [1](-863), [1](-864), [1](-866), [1](868), [1](-870), [1](870), [1](872), [1](874), [1](-874), [1](-876), [1](-876), [1](877), [1](879), [1](881), [1](881), [1](883), [1](-883), [1](-886), [1](886), [1](-889), [1](889), [1](-890), [1](891), [1](891), [1](892), [1](893), [1](-893), [1](-895), [1](895), [1](-895), [1](-895), [1](895), [1](895), [1](896), [1](899), [1](902), [1](902), [1](902), [1](905), [1](-906), [1](907), [1](907), [1](-908), [1](-909), [1](-909), [1](-912), [1](-912), [1](-915), [1](-915), [1](916), [1](918), [1](918), [1](-918), [1](-918), [1](920), [1](-923), [1](923), [1](924), [1](924), [1](-925), [1](-926), [1](-927), [1](-930), [1](-932), [1](932), [1](-932), [1](933), [1](933), [1](-934), [1](-935), [1](-936), [1](937), [1](938), [1](938), [1](940), [1](940), [1](-941), [1](941), [1](-942), [1](-943), [1](-943), [1](-944), [1](944), [1](946), [1](947), [1](-949), [1](-950), [1](951), [1](951), [1](-951), [1](-951), [1](952), [1](953), [1](-955), [1](-955), [1](-958), [1](-958), [1](-960), [1](962), [1](-963), [1](963), [1](963), [1](964), [1](-965), [1](966), [1](966), [1](968), [1](-969), [1](969), [1](971), [1](-971), [1](974), [1](-974), [1](-976), [1](-976), [1](-976), [1](-977), [1](-978), [1](-978), [1](978), [1](979), [1](979), [1](981), [1](981), [1](983), [1](-984), [1](985), [1](-986), [1](-988), [1](-989), [1](990), [1](-992), [1](-992), [1](-994), [1](-996), [1](999), [1](999), [1](1000), ]

5.66 s

universe : [[10](5,1,-9,-9,2,7,5,-9,6,5), [10](4,6,1,9,0,6,-4,-9,-1,4), [10](0,1,-2,8,0,9,-2,2,6,-9), [10](-10,-1,-3,-8,-3,1,0,1,6,5), [10](2,7,-4,4,-6,-6,8,6,-8,0), [10](8,9,-10,-6,2,4,1,2,1,6), [10](4,2,-3,-5,2,-8,7,3,4,-6), [10](-3,-2,-7,9,-5,8,-6,-4,4,-10), [10](2,3,-2,5,1,7,-4,7,10,-3), [10](9,-1,-2,2,-8,-8,1,10,-3,-8), ]

target   : [10](8,11,-21,6,-14,11,-8,0,7,-3)

32 => 0.000288 (s)
31 => 0.000312 (s)
24 => 0.000322 (s)
22 => 0.000341 (s)
20 => 0.000352 (s)
18 => 0.000531 (s)
15 => 0.000765 (s)
11 => 0.007628 (s)
0 => 0.025167 (s)

subset   : [10](8,11,-21,6,-14,11,-8,0,7,-3)

[[10](-10,-1,-3,-8,-3,1,0,1,6,5), [10](4,6,1,9,0,6,-4,-9,-1,4), [10](8,9,-10,-6,2,4,1,2,1,6), [10](9,-1,-2,2,-8,-8,1,10,-3,-8), [10](-3,-2,-7,9,-5,8,-6,-4,4,-10), ]

0.03 s

mx:bin maxtuno$ ./mssp 15 15
universe : [[15](0,10,-7,3,-1,-11,-9,9,3,1,13,8,3,-14,15), [15](15,15,-2,-12,11,12,-13,7,15,-1,0,8,-3,-13,-7), [15](4,-15,8,-1,-9,-11,-4,-1,4,-7,-7,7,0,-5,4), [15](7,12,-5,-8,2,4,13,15,2,-14,14,-5,11,-11,5), [15](-3,1,-10,13,8,-11,-6,15,-1,-11,-7,-7,15,-15,9), [15](13,-8,13,14,1,0,6,5,13,-14,6,-15,-5,0,-1), [15](-10,4,6,7,-9,-9,-6,-2,-6,11,-6,10,-9,6,-4), [15](2,13,8,8,13,6,-6,-10,-13,-9,-6,-10,-12,3,-13), [15](12,14,-10,-5,-9,-6,9,1,-6,7,-6,6,15,-6,-13), [15](0,2,-3,12,1,-14,-5,14,-1,0,15,1,-7,8,0), [15](14,-14,-13,-3,-2,-11,-2,0,8,-13,1,-15,-11,4,-11), [15](6,13,-15,14,15,2,13,-5,1,0,1,0,4,9,4), [15](-2,0,-3,12,2,15,0,-8,7,-14,-10,10,-10,6,-5), [15](-8,1,-5,-1,-10,-3,-11,3,-13,4,-1,-3,-3,-9,0), [15](14,-2,-8,15,6,5,-6,-9,-12,-4,10,12,5,3,-10), ]

target   : [15](35,48,-9,27,33,7,-3,29,4,-34,29,-24,-15,-13,-12)

86 => 0.000393 (s)
83 => 0.000431 (s)
75 => 0.00044 (s)
66 => 0.000476 (s)
61 => 0.00051 (s)
56 => 0.000525 (s)
54 => 0.000692 (s)
52 => 0.001377 (s)
42 => 0.001624 (s)
41 => 0.010668 (s)
40 => 0.021138 (s)
39 => 0.031264 (s)
38 => 0.042201 (s)
37 => 0.057887 (s)
35 => 0.072161 (s)
32 => 0.206816 (s)
31 => 0.350977 (s)
30 => 0.495458 (s)
24 => 0.638309 (s)
0 => 0.782578 (s)

subset   : [15](35,48,-9,27,33,7,-3,29,4,-34,29,-24,-15,-13,-12)

[[15](-8,1,-5,-1,-10,-3,-11,3,-13,4,-1,-3,-3,-9,0), [15](0,2,-3,12,1,-14,-5,14,-1,0,15,1,-7,8,0), [15](6,13,-15,14,15,2,13,-5,1,0,1,0,4,9,4), [15](13,-8,13,14,1,0,6,5,13,-14,6,-15,-5,0,-1), [15](7,12,-5,-8,2,4,13,15,2,-14,14,-5,11,-11,5), [15](2,13,8,8,13,6,-6,-10,-13,-9,-6,-10,-12,3,-13), [15](15,15,-2,-12,11,12,-13,7,15,-1,0,8,-3,-13,-7), ]

0.78 s


## Purpose

I think that the best teacher is the curiosity, so it not explain or giving a personal impression, not theorize nothing, only present the results.

## Note

There are an Isomorphism with any Matrix Space and R^n with n how Sum of dimensions of Matrix Space... so this cover all spectrum of possibilities.
