/*
 *        copyright (c) 2012-2017 Oscar Riveros. all rights reserved.
 *                           oscar.riveros@peqnp.com
 *
 *    without any restriction, Oscar Riveros reserved rights, patents and
 *  commercialization of this knowledge or derived directly from this work.
*/

https://twitter.com/maxtuno

data => http://snap.stanford.edu/data/egonets-Facebook.html

9528.42 (ms) | 1 => [0, ]
9545.78 (ms) | 2 => [0, 56, ]
9546.89 (ms) | 3 => [0, 56, 67, ]
9547.45 (ms) | 4 => [0, 56, 67, 271, ]
9547.94 (ms) | 5 => [0, 56, 67, 271, 26, ]
9548.38 (ms) | 6 => [0, 56, 67, 271, 26, 252, ]
9548.61 (ms) | 7 => [0, 56, 67, 271, 26, 252, 239, ]
9548.75 (ms) | 8 => [0, 56, 67, 271, 26, 252, 239, 21, ]
9548.84 (ms) | 9 => [0, 56, 67, 271, 26, 252, 239, 21, 200, ]
9548.89 (ms) | 10 => [0, 56, 67, 271, 26, 252, 239, 21, 200, 277, ]
9548.93 (ms) | 11 => [0, 56, 67, 271, 26, 252, 239, 21, 200, 277, 122, ]
9548.96 (ms) | 12 => [0, 56, 67, 271, 26, 252, 239, 21, 200, 277, 122, 186, ]
9548.99 (ms) | 13 => [0, 56, 67, 271, 26, 252, 239, 21, 200, 277, 122, 186, 98, ]
9549 (ms) | 14 => [0, 56, 67, 271, 26, 252, 239, 21, 200, 277, 122, 186, 98, 104, ]
9549.01 (ms) | 15 => [0, 56, 67, 271, 26, 252, 239, 21, 200, 277, 122, 186, 98, 104, 25, ]
9549.01 (ms) | 16 => [0, 56, 67, 271, 26, 252, 239, 21, 200, 277, 122, 186, 98, 104, 25, 325, ]
10398 (ms) | 17 => [1619, 107, 1888, 1199, 1707, 1800, 1456, 1610, 1153, 1663, 1746, 1390, 1471, 1399, 1126, 966, 1804, ]
10398.2 (ms) | 18 => [1619, 107, 1888, 1199, 1707, 1800, 1456, 1610, 1153, 1663, 1746, 1390, 1471, 1399, 1126, 966, 1804, 1668, ]
10398.4 (ms) | 19 => [1619, 107, 1888, 1199, 1707, 1800, 1456, 1610, 1153, 1663, 1746, 1390, 1471, 1399, 1126, 966, 1804, 1668, 1370, ]
10398.5 (ms) | 20 => [1619, 107, 1888, 1199, 1707, 1800, 1456, 1610, 1153, 1663, 1746, 1390, 1471, 1399, 1126, 966, 1804, 1668, 1370, 1833, ]
10398.6 (ms) | 21 => [1619, 107, 1888, 1199, 1707, 1800, 1456, 1610, 1153, 1663, 1746, 1390, 1471, 1399, 1126, 966, 1804, 1668, 1370, 1833, 1101, ]
10398.6 (ms) | 22 => [1619, 107, 1888, 1199, 1707, 1800, 1456, 1610, 1153, 1663, 1746, 1390, 1471, 1399, 1126, 966, 1804, 1668, 1370, 1833, 1101, 1006, ]
10398.7 (ms) | 23 => [1619, 107, 1888, 1199, 1707, 1800, 1456, 1610, 1153, 1663, 1746, 1390, 1471, 1399, 1126, 966, 1804, 1668, 1370, 1833, 1101, 1006, 1256, ]
10398.8 (ms) | 24 => [1619, 107, 1888, 1199, 1707, 1800, 1456, 1610, 1153, 1663, 1746, 1390, 1471, 1399, 1126, 966, 1804, 1668, 1370, 1833, 1101, 1006, 1256, 1736, ]
10398.8 (ms) | 25 => [1619, 107, 1888, 1199, 1707, 1800, 1456, 1610, 1153, 1663, 1746, 1390, 1471, 1399, 1126, 966, 1804, 1668, 1370, 1833, 1101, 1006, 1256, 1736, 1086, ]
10398.8 (ms) | 26 => [1619, 107, 1888, 1199, 1707, 1800, 1456, 1610, 1153, 1663, 1746, 1390, 1471, 1399, 1126, 966, 1804, 1668, 1370, 1833, 1101, 1006, 1256, 1736, 1086, 1879, ]
10398.9 (ms) | 27 => [1619, 107, 1888, 1199, 1707, 1800, 1456, 1610, 1153, 1663, 1746, 1390, 1471, 1399, 1126, 966, 1804, 1668, 1370, 1833, 1101, 1006, 1256, 1736, 1086, 1879, 1163, ]
10398.9 (ms) | 28 => [1619, 107, 1888, 1199, 1707, 1800, 1456, 1610, 1153, 1663, 1746, 1390, 1471, 1399, 1126, 966, 1804, 1668, 1370, 1833, 1101, 1006, 1256, 1736, 1086, 1879, 1163, 1288, ]
10398.9 (ms) | 29 => [1619, 107, 1888, 1199, 1707, 1800, 1456, 1610, 1153, 1663, 1746, 1390, 1471, 1399, 1126, 966, 1804, 1668, 1370, 1833, 1101, 1006, 1256, 1736, 1086, 1879, 1163, 1288, 1335, ]
11195.5 (ms) | 30 => [921, 107, 1352, 1730, 1835, 1377, 1589, 1663, 1376, 1888, 1621, 1584, 1431, 1768, 1833, 993, 1126, 1146, 1603, 1827, 1613, 1199, 1329, 1185, 1269, 1612, 1714, 1761, 1669, 1823, ]
11195.5 (ms) | 31 => [921, 107, 1352, 1730, 1835, 1377, 1589, 1663, 1376, 1888, 1621, 1584, 1431, 1768, 1833, 993, 1126, 1146, 1603, 1827, 1613, 1199, 1329, 1185, 1269, 1612, 1714, 1761, 1669, 1823, 1467, ]
11195.5 (ms) | 32 => [921, 107, 1352, 1730, 1835, 1377, 1589, 1663, 1376, 1888, 1621, 1584, 1431, 1768, 1833, 993, 1126, 1146, 1603, 1827, 1613, 1199, 1329, 1185, 1269, 1612, 1714, 1761, 1669, 1823, 1467, 1391, ]
11195.5 (ms) | 33 => [921, 107, 1352, 1730, 1835, 1377, 1589, 1663, 1376, 1888, 1621, 1584, 1431, 1768, 1833, 993, 1126, 1146, 1603, 1827, 1613, 1199, 1329, 1185, 1269, 1612, 1714, 1761, 1669, 1823, 1467, 1391, 1522, ]
11195.6 (ms) | 34 => [921, 107, 1352, 1730, 1835, 1377, 1589, 1663, 1376, 1888, 1621, 1584, 1431, 1768, 1833, 993, 1126, 1146, 1603, 1827, 1613, 1199, 1329, 1185, 1269, 1612, 1714, 1761, 1669, 1823, 1467, 1391, 1522, 1059, ]
11270.4 (ms) | 35 => [1185, 934, 107, 1621, 1352, 1888, 1663, 1589, 1833, 1431, 1584, 1516, 1612, 1714, 1603, 1199, 1376, 1800, 1126, 1746, 1269, 1730, 1827, 1211, 1377, 993, 1835, 1761, 1804, 1768, 1823, 1559, 1267, 1613, 1467, ]
11270.4 (ms) | 36 => [1185, 934, 107, 1621, 1352, 1888, 1663, 1589, 1833, 1431, 1584, 1516, 1612, 1714, 1603, 1199, 1376, 1800, 1126, 1746, 1269, 1730, 1827, 1211, 1377, 993, 1835, 1761, 1804, 1768, 1823, 1559, 1267, 1613, 1467, 1522, ]
11270.4 (ms) | 37 => [1185, 934, 107, 1621, 1352, 1888, 1663, 1589, 1833, 1431, 1584, 1516, 1612, 1714, 1603, 1199, 1376, 1800, 1126, 1746, 1269, 1730, 1827, 1211, 1377, 993, 1835, 1761, 1804, 1768, 1823, 1559, 1267, 1613, 1467, 1522, 1799, ]
11377.7 (ms) | 38 => [947, 107, 1589, 1888, 1352, 1800, 1431, 1612, 1746, 1584, 1833, 1714, 1663, 1199, 1185, 1126, 1211, 1603, 1799, 1621, 1804, 1516, 1823, 1376, 1761, 1835, 1467, 1768, 1827, 1730, 993, 1377, 1522, 1059, 1269, 1559, 1399, 1669, ]
14723.3 (ms) | 39 => [1465, 1912, 1577, 2111, 2187, 2087, 2384, 2598, 2283, 2047, 2543, 2153, 2555, 2081, 2199, 2183, 2138, 1920, 2282, 2279, 2338, 2347, 2567, 2643, 2302, 2332, 2028, 2351, 2196, 1948, 2597, 2629, 2333, 2042, 2194, 2292, 2592, 2315, 2533, ]
14723.4 (ms) | 40 => [1465, 1912, 1577, 2111, 2187, 2087, 2384, 2598, 2283, 2047, 2543, 2153, 2555, 2081, 2199, 2183, 2138, 1920, 2282, 2279, 2338, 2347, 2567, 2643, 2302, 2332, 2028, 2351, 2196, 1948, 2597, 2629, 2333, 2042, 2194, 2292, 2592, 2315, 2533, 2148, ]
14723.4 (ms) | 41 => [1465, 1912, 1577, 2111, 2187, 2087, 2384, 2598, 2283, 2047, 2543, 2153, 2555, 2081, 2199, 2183, 2138, 1920, 2282, 2279, 2338, 2347, 2567, 2643, 2302, 2332, 2028, 2351, 2196, 1948, 2597, 2629, 2333, 2042, 2194, 2292, 2592, 2315, 2533, 2148, 1941, ]
14723.4 (ms) | 42 => [1465, 1912, 1577, 2111, 2187, 2087, 2384, 2598, 2283, 2047, 2543, 2153, 2555, 2081, 2199, 2183, 2138, 1920, 2282, 2279, 2338, 2347, 2567, 2643, 2302, 2332, 2028, 2351, 2196, 1948, 2597, 2629, 2333, 2042, 2194, 2292, 2592, 2315, 2533, 2148, 1941, 2032, ]
18399.2 (ms) | 43 => [2142, 1912, 2266, 2206, 2410, 2078, 2464, 2233, 1993, 2218, 2340, 2220, 2073, 2507, 2586, 2604, 2059, 2090, 2369, 2240, 1938, 2118, 2309, 2150, 2229, 2244, 2123, 1983, 1943, 1962, 2184, 2624, 2590, 2275, 2131, 2103, 2188, 2201, 2601, 2064, 2356, 2172, 2428, ]
18400 (ms) | 44 => [2142, 1912, 2266, 2206, 2410, 2078, 2464, 2233, 1993, 2218, 2340, 2220, 2073, 2507, 2586, 2604, 2059, 2090, 2369, 2240, 1938, 2118, 2309, 2150, 2229, 2244, 2123, 1983, 1943, 1962, 2184, 2624, 2590, 2275, 2131, 2103, 2188, 2201, 2601, 2064, 2356, 2172, 2428, 2607, ]
18400.8 (ms) | 45 => [2142, 1912, 2266, 2206, 2410, 2078, 2464, 2233, 1993, 2218, 2340, 2220, 2073, 2507, 2586, 2604, 2059, 2090, 2369, 2240, 1938, 2118, 2309, 2150, 2229, 2244, 2123, 1983, 1943, 1962, 2184, 2624, 2590, 2275, 2131, 2103, 2188, 2201, 2601, 2064, 2356, 2172, 2428, 2607, 1946, ]
18401.4 (ms) | 46 => [2142, 1912, 2266, 2206, 2410, 2078, 2464, 2233, 1993, 2218, 2340, 2220, 2073, 2507, 2586, 2604, 2059, 2090, 2369, 2240, 1938, 2118, 2309, 2150, 2229, 2244, 2123, 1983, 1943, 1962, 2184, 2624, 2590, 2275, 2131, 2103, 2188, 2201, 2601, 2064, 2356, 2172, 2428, 2607, 1946, 2290, ]
18402.1 (ms) | 47 => [2142, 1912, 2266, 2206, 2410, 2078, 2464, 2233, 1993, 2218, 2340, 2220, 2073, 2507, 2586, 2604, 2059, 2090, 2369, 2240, 1938, 2118, 2309, 2150, 2229, 2244, 2123, 1983, 1943, 1962, 2184, 2624, 2590, 2275, 2131, 2103, 2188, 2201, 2601, 2064, 2356, 2172, 2428, 2607, 1946, 2290, 2139, ]
18402.6 (ms) | 48 => [2142, 1912, 2266, 2206, 2410, 2078, 2464, 2233, 1993, 2218, 2340, 2220, 2073, 2507, 2586, 2604, 2059, 2090, 2369, 2240, 1938, 2118, 2309, 2150, 2229, 2244, 2123, 1983, 1943, 1962, 2184, 2624, 2590, 2275, 2131, 2103, 2188, 2201, 2601, 2064, 2356, 2172, 2428, 2607, 1946, 2290, 2139, 2104, ]
18403.1 (ms) | 49 => [2142, 1912, 2266, 2206, 2410, 2078, 2464, 2233, 1993, 2218, 2340, 2220, 2073, 2507, 2586, 2604, 2059, 2090, 2369, 2240, 1938, 2118, 2309, 2150, 2229, 2244, 2123, 1983, 1943, 1962, 2184, 2624, 2590, 2275, 2131, 2103, 2188, 2201, 2601, 2064, 2356, 2172, 2428, 2607, 1946, 2290, 2139, 2104, 2030, ]
18403.5 (ms) | 50 => [2142, 1912, 2266, 2206, 2410, 2078, 2464, 2233, 1993, 2218, 2340, 2220, 2073, 2507, 2586, 2604, 2059, 2090, 2369, 2240, 1938, 2118, 2309, 2150, 2229, 2244, 2123, 1983, 1943, 1962, 2184, 2624, 2590, 2275, 2131, 2103, 2188, 2201, 2601, 2064, 2356, 2172, 2428, 2607, 1946, 2290, 2139, 2104, 2030, 2560, ]
18403.9 (ms) | 51 => [2142, 1912, 2266, 2206, 2410, 2078, 2464, 2233, 1993, 2218, 2340, 2220, 2073, 2507, 2586, 2604, 2059, 2090, 2369, 2240, 1938, 2118, 2309, 2150, 2229, 2244, 2123, 1983, 1943, 1962, 2184, 2624, 2590, 2275, 2131, 2103, 2188, 2201, 2601, 2064, 2356, 2172, 2428, 2607, 1946, 2290, 2139, 2104, 2030, 2560, 2564, ]
18404.3 (ms) | 52 => [2142, 1912, 2266, 2206, 2410, 2078, 2464, 2233, 1993, 2218, 2340, 2220, 2073, 2507, 2586, 2604, 2059, 2090, 2369, 2240, 1938, 2118, 2309, 2150, 2229, 2244, 2123, 1983, 1943, 1962, 2184, 2624, 2590, 2275, 2131, 2103, 2188, 2201, 2601, 2064, 2356, 2172, 2428, 2607, 1946, 2290, 2139, 2104, 2030, 2560, 2564, 2331, ]
18404.6 (ms) | 53 => [2142, 1912, 2266, 2206, 2410, 2078, 2464, 2233, 1993, 2218, 2340, 2220, 2073, 2507, 2586, 2604, 2059, 2090, 2369, 2240, 1938, 2118, 2309, 2150, 2229, 2244, 2123, 1983, 1943, 1962, 2184, 2624, 2590, 2275, 2131, 2103, 2188, 2201, 2601, 2064, 2356, 2172, 2428, 2607, 1946, 2290, 2139, 2104, 2030, 2560, 2564, 2331, 2602, ]
18404.9 (ms) | 54 => [2142, 1912, 2266, 2206, 2410, 2078, 2464, 2233, 1993, 2218, 2340, 2220, 2073, 2507, 2586, 2604, 2059, 2090, 2369, 2240, 1938, 2118, 2309, 2150, 2229, 2244, 2123, 1983, 1943, 1962, 2184, 2624, 2590, 2275, 2131, 2103, 2188, 2201, 2601, 2064, 2356, 2172, 2428, 2607, 1946, 2290, 2139, 2104, 2030, 2560, 2564, 2331, 2602, 2655, ]
18405.2 (ms) | 55 => [2142, 1912, 2266, 2206, 2410, 2078, 2464, 2233, 1993, 2218, 2340, 2220, 2073, 2507, 2586, 2604, 2059, 2090, 2369, 2240, 1938, 2118, 2309, 2150, 2229, 2244, 2123, 1983, 1943, 1962, 2184, 2624, 2590, 2275, 2131, 2103, 2188, 2201, 2601, 2064, 2356, 2172, 2428, 2607, 1946, 2290, 2139, 2104, 2030, 2560, 2564, 2331, 2602, 2655, 1984, ]
18405.4 (ms) | 56 => [2142, 1912, 2266, 2206, 2410, 2078, 2464, 2233, 1993, 2218, 2340, 2220, 2073, 2507, 2586, 2604, 2059, 2090, 2369, 2240, 1938, 2118, 2309, 2150, 2229, 2244, 2123, 1983, 1943, 1962, 2184, 2624, 2590, 2275, 2131, 2103, 2188, 2201, 2601, 2064, 2356, 2172, 2428, 2607, 1946, 2290, 2139, 2104, 2030, 2560, 2564, 2331, 2602, 2655, 1984, 2578, ]
18405.6 (ms) | 57 => [2142, 1912, 2266, 2206, 2410, 2078, 2464, 2233, 1993, 2218, 2340, 2220, 2073, 2507, 2586, 2604, 2059, 2090, 2369, 2240, 1938, 2118, 2309, 2150, 2229, 2244, 2123, 1983, 1943, 1962, 2184, 2624, 2590, 2275, 2131, 2103, 2188, 2201, 2601, 2064, 2356, 2172, 2428, 2607, 1946, 2290, 2139, 2104, 2030, 2560, 2564, 2331, 2602, 2655, 1984, 2578, 2482, ]
18405.8 (ms) | 58 => [2142, 1912, 2266, 2206, 2410, 2078, 2464, 2233, 1993, 2218, 2340, 2220, 2073, 2507, 2586, 2604, 2059, 2090, 2369, 2240, 1938, 2118, 2309, 2150, 2229, 2244, 2123, 1983, 1943, 1962, 2184, 2624, 2590, 2275, 2131, 2103, 2188, 2201, 2601, 2064, 2356, 2172, 2428, 2607, 1946, 2290, 2139, 2104, 2030, 2560, 2564, 2331, 2602, 2655, 1984, 2578, 2482, 2326, ]
18406 (ms) | 59 => [2142, 1912, 2266, 2206, 2410, 2078, 2464, 2233, 1993, 2218, 2340, 2220, 2073, 2507, 2586, 2604, 2059, 2090, 2369, 2240, 1938, 2118, 2309, 2150, 2229, 2244, 2123, 1983, 1943, 1962, 2184, 2624, 2590, 2275, 2131, 2103, 2188, 2201, 2601, 2064, 2356, 2172, 2428, 2607, 1946, 2290, 2139, 2104, 2030, 2560, 2564, 2331, 2602, 2655, 1984, 2578, 2482, 2326, 2108, ]
18406.1 (ms) | 60 => [2142, 1912, 2266, 2206, 2410, 2078, 2464, 2233, 1993, 2218, 2340, 2220, 2073, 2507, 2586, 2604, 2059, 2090, 2369, 2240, 1938, 2118, 2309, 2150, 2229, 2244, 2123, 1983, 1943, 1962, 2184, 2624, 2590, 2275, 2131, 2103, 2188, 2201, 2601, 2064, 2356, 2172, 2428, 2607, 1946, 2290, 2139, 2104, 2030, 2560, 2564, 2331, 2602, 2655, 1984, 2578, 2482, 2326, 2108, 2124, ]
18406.2 (ms) | 61 => [2142, 1912, 2266, 2206, 2410, 2078, 2464, 2233, 1993, 2218, 2340, 2220, 2073, 2507, 2586, 2604, 2059, 2090, 2369, 2240, 1938, 2118, 2309, 2150, 2229, 2244, 2123, 1983, 1943, 1962, 2184, 2624, 2590, 2275, 2131, 2103, 2188, 2201, 2601, 2064, 2356, 2172, 2428, 2607, 1946, 2290, 2139, 2104, 2030, 2560, 2564, 2331, 2602, 2655, 1984, 2578, 2482, 2326, 2108, 2124, 2593, ]
18406.3 (ms) | 62 => [2142, 1912, 2266, 2206, 2410, 2078, 2464, 2233, 1993, 2218, 2340, 2220, 2073, 2507, 2586, 2604, 2059, 2090, 2369, 2240, 1938, 2118, 2309, 2150, 2229, 2244, 2123, 1983, 1943, 1962, 2184, 2624, 2590, 2275, 2131, 2103, 2188, 2201, 2601, 2064, 2356, 2172, 2428, 2607, 1946, 2290, 2139, 2104, 2030, 2560, 2564, 2331, 2602, 2655, 1984, 2578, 2482, 2326, 2108, 2124, 2593, 2121, ]
18406.4 (ms) | 63 => [2142, 1912, 2266, 2206, 2410, 2078, 2464, 2233, 1993, 2218, 2340, 2220, 2073, 2507, 2586, 2604, 2059, 2090, 2369, 2240, 1938, 2118, 2309, 2150, 2229, 2244, 2123, 1983, 1943, 1962, 2184, 2624, 2590, 2275, 2131, 2103, 2188, 2201, 2601, 2064, 2356, 2172, 2428, 2607, 1946, 2290, 2139, 2104, 2030, 2560, 2564, 2331, 2602, 2655, 1984, 2578, 2482, 2326, 2108, 2124, 2593, 2121, 2395, ]
18406.4 (ms) | 64 => [2142, 1912, 2266, 2206, 2410, 2078, 2464, 2233, 1993, 2218, 2340, 2220, 2073, 2507, 2586, 2604, 2059, 2090, 2369, 2240, 1938, 2118, 2309, 2150, 2229, 2244, 2123, 1983, 1943, 1962, 2184, 2624, 2590, 2275, 2131, 2103, 2188, 2201, 2601, 2064, 2356, 2172, 2428, 2607, 1946, 2290, 2139, 2104, 2030, 2560, 2564, 2331, 2602, 2655, 1984, 2578, 2482, 2326, 2108, 2124, 2593, 2121, 2395, 2354, ]
18406.4 (ms) | 65 => [2142, 1912, 2266, 2206, 2410, 2078, 2464, 2233, 1993, 2218, 2340, 2220, 2073, 2507, 2586, 2604, 2059, 2090, 2369, 2240, 1938, 2118, 2309, 2150, 2229, 2244, 2123, 1983, 1943, 1962, 2184, 2624, 2590, 2275, 2131, 2103, 2188, 2201, 2601, 2064, 2356, 2172, 2428, 2607, 1946, 2290, 2139, 2104, 2030, 2560, 2564, 2331, 2602, 2655, 1984, 2578, 2482, 2326, 2108, 2124, 2593, 2121, 2395, 2354, 2460, ]
18406.5 (ms) | 66 => [2142, 1912, 2266, 2206, 2410, 2078, 2464, 2233, 1993, 2218, 2340, 2220, 2073, 2507, 2586, 2604, 2059, 2090, 2369, 2240, 1938, 2118, 2309, 2150, 2229, 2244, 2123, 1983, 1943, 1962, 2184, 2624, 2590, 2275, 2131, 2103, 2188, 2201, 2601, 2064, 2356, 2172, 2428, 2607, 1946, 2290, 2139, 2104, 2030, 2560, 2564, 2331, 2602, 2655, 1984, 2578, 2482, 2326, 2108, 2124, 2593, 2121, 2395, 2354, 2460, 2526, ]
18406.5 (ms) | 67 => [2142, 1912, 2266, 2206, 2410, 2078, 2464, 2233, 1993, 2218, 2340, 2220, 2073, 2507, 2586, 2604, 2059, 2090, 2369, 2240, 1938, 2118, 2309, 2150, 2229, 2244, 2123, 1983, 1943, 1962, 2184, 2624, 2590, 2275, 2131, 2103, 2188, 2201, 2601, 2064, 2356, 2172, 2428, 2607, 1946, 2290, 2139, 2104, 2030, 2560, 2564, 2331, 2602, 2655, 1984, 2578, 2482, 2326, 2108, 2124, 2593, 2121, 2395, 2354, 2460, 2526, 2611, ]
18406.5 (ms) | 68 => [2142, 1912, 2266, 2206, 2410, 2078, 2464, 2233, 1993, 2218, 2340, 2220, 2073, 2507, 2586, 2604, 2059, 2090, 2369, 2240, 1938, 2118, 2309, 2150, 2229, 2244, 2123, 1983, 1943, 1962, 2184, 2624, 2590, 2275, 2131, 2103, 2188, 2201, 2601, 2064, 2356, 2172, 2428, 2607, 1946, 2290, 2139, 2104, 2030, 2560, 2564, 2331, 2602, 2655, 1984, 2578, 2482, 2326, 2108, 2124, 2593, 2121, 2395, 2354, 2460, 2526, 2611, 2542, ]
18592 (ms) | 69 => [1917, 1912, 2206, 2266, 2123, 2078, 2218, 2464, 2073, 2507, 2220, 2340, 2240, 2142, 2059, 2410, 2586, 2090, 2604, 1938, 2118, 2229, 1962, 2150, 2309, 2088, 2244, 2590, 1943, 2275, 2624, 2104, 2172, 2184, 2131, 2356, 2201, 2188, 2428, 2064, 2103, 1983, 1946, 2601, 2602, 2414, 2607, 1993, 2331, 2139, 2290, 2560, 2655, 2124, 2030, 2564, 2542, 1984, 2108, 2578, 2482, 2308, 2326, 2121, 2611, 2395, 2460, 2526, 2520, ]