/*
 *        copyright (c) 2012-2017 Oscar Riveros. all rights reserved.
 *                           oscar.riveros@peqnp.com
 *
 *    without any restriction, Oscar Riveros reserved rights, patents and
 *  commercialization of this knowledge or derived directly from this work.
*/

https://twitter.com/maxtuno

5592.78 (ms) | 1 => [113566, ]
5593.19 (ms) | 2 => [175829, 191648, ]
5598.94 (ms) | 3 => [58541, 200990, 123618, ]
5599.03 (ms) | 4 => [58541, 200990, 123618, 196689, ]
5599.11 (ms) | 5 => [58541, 200990, 123618, 196689, 93223, ]
5599.19 (ms) | 6 => [58541, 200990, 123618, 196689, 93223, 12343, ]
5599.27 (ms) | 7 => [58541, 200990, 123618, 196689, 93223, 12343, 163824, ]
5599.33 (ms) | 8 => [58541, 200990, 123618, 196689, 93223, 12343, 163824, 109464, ]
5599.37 (ms) | 9 => [58541, 200990, 123618, 196689, 93223, 12343, 163824, 109464, 18513, ]
5599.41 (ms) | 10 => [58541, 200990, 123618, 196689, 93223, 12343, 163824, 109464, 18513, 110522, ]
5599.44 (ms) | 11 => [58541, 200990, 123618, 196689, 93223, 12343, 163824, 109464, 18513, 110522, 94467, ]
5599.46 (ms) | 12 => [58541, 200990, 123618, 196689, 93223, 12343, 163824, 109464, 18513, 110522, 94467, 38138, ]
5599.49 (ms) | 13 => [58541, 200990, 123618, 196689, 93223, 12343, 163824, 109464, 18513, 110522, 94467, 38138, 42850, ]
5599.51 (ms) | 14 => [58541, 200990, 123618, 196689, 93223, 12343, 163824, 109464, 18513, 110522, 94467, 38138, 42850, 120292, ]
5599.53 (ms) | 15 => [58541, 200990, 123618, 196689, 93223, 12343, 163824, 109464, 18513, 110522, 94467, 38138, 42850, 120292, 135103, ]
5599.54 (ms) | 16 => [58541, 200990, 123618, 196689, 93223, 12343, 163824, 109464, 18513, 110522, 94467, 38138, 42850, 120292, 135103, 159607, ]
5717.35 (ms) | 17 => [140001, 18190, 92118, 145647, 119610, 172039, 22672, 40718, 155890, 200516, 151197, 62163, 50032, 151408, 38689, 27573, 94279, ]
5717.58 (ms) | 18 => [140001, 18190, 92118, 145647, 119610, 172039, 22672, 40718, 155890, 200516, 151197, 62163, 50032, 151408, 38689, 27573, 94279, 64420, ]
5717.82 (ms) | 19 => [140001, 18190, 92118, 145647, 119610, 172039, 22672, 40718, 155890, 200516, 151197, 62163, 50032, 151408, 38689, 27573, 94279, 64420, 109154, ]
5718 (ms) | 20 => [140001, 18190, 92118, 145647, 119610, 172039, 22672, 40718, 155890, 200516, 151197, 62163, 50032, 151408, 38689, 27573, 94279, 64420, 109154, 54257, ]
5718.16 (ms) | 21 => [140001, 18190, 92118, 145647, 119610, 172039, 22672, 40718, 155890, 200516, 151197, 62163, 50032, 151408, 38689, 27573, 94279, 64420, 109154, 54257, 200153, ]
5718.31 (ms) | 22 => [140001, 18190, 92118, 145647, 119610, 172039, 22672, 40718, 155890, 200516, 151197, 62163, 50032, 151408, 38689, 27573, 94279, 64420, 109154, 54257, 200153, 71961, ]
5718.45 (ms) | 23 => [140001, 18190, 92118, 145647, 119610, 172039, 22672, 40718, 155890, 200516, 151197, 62163, 50032, 151408, 38689, 27573, 94279, 64420, 109154, 54257, 200153, 71961, 74957, ]
5718.57 (ms) | 24 => [140001, 18190, 92118, 145647, 119610, 172039, 22672, 40718, 155890, 200516, 151197, 62163, 50032, 151408, 38689, 27573, 94279, 64420, 109154, 54257, 200153, 71961, 74957, 110598, ]
5718.66 (ms) | 25 => [140001, 18190, 92118, 145647, 119610, 172039, 22672, 40718, 155890, 200516, 151197, 62163, 50032, 151408, 38689, 27573, 94279, 64420, 109154, 54257, 200153, 71961, 74957, 110598, 88212, ]
5718.76 (ms) | 26 => [140001, 18190, 92118, 145647, 119610, 172039, 22672, 40718, 155890, 200516, 151197, 62163, 50032, 151408, 38689, 27573, 94279, 64420, 109154, 54257, 200153, 71961, 74957, 110598, 88212, 79829, ]
5718.84 (ms) | 27 => [140001, 18190, 92118, 145647, 119610, 172039, 22672, 40718, 155890, 200516, 151197, 62163, 50032, 151408, 38689, 27573, 94279, 64420, 109154, 54257, 200153, 71961, 74957, 110598, 88212, 79829, 40733, ]
5718.91 (ms) | 28 => [140001, 18190, 92118, 145647, 119610, 172039, 22672, 40718, 155890, 200516, 151197, 62163, 50032, 151408, 38689, 27573, 94279, 64420, 109154, 54257, 200153, 71961, 74957, 110598, 88212, 79829, 40733, 207367, ]
5718.96 (ms) | 29 => [140001, 18190, 92118, 145647, 119610, 172039, 22672, 40718, 155890, 200516, 151197, 62163, 50032, 151408, 38689, 27573, 94279, 64420, 109154, 54257, 200153, 71961, 74957, 110598, 88212, 79829, 40733, 207367, 206482, ]
5718.99 (ms) | 30 => [140001, 18190, 92118, 145647, 119610, 172039, 22672, 40718, 155890, 200516, 151197, 62163, 50032, 151408, 38689, 27573, 94279, 64420, 109154, 54257, 200153, 71961, 74957, 110598, 88212, 79829, 40733, 207367, 206482, 101564, ]
5719.02 (ms) | 31 => [140001, 18190, 92118, 145647, 119610, 172039, 22672, 40718, 155890, 200516, 151197, 62163, 50032, 151408, 38689, 27573, 94279, 64420, 109154, 54257, 200153, 71961, 74957, 110598, 88212, 79829, 40733, 207367, 206482, 101564, 45848, ]
6222.13 (ms) | 32 => [65211, 109154, 119748, 18190, 92118, 145647, 40718, 155890, 179094, 120411, 208659, 160556, 54349, 59305, 22672, 2314, 144684, 50032, 208638, 30804, 172039, 151408, 200153, 110598, 40733, 150796, 46395, 88212, 27987, 148227, 15339, 38213, ]
6223.22 (ms) | 33 => [65211, 109154, 119748, 18190, 92118, 145647, 40718, 155890, 179094, 120411, 208659, 160556, 54349, 59305, 22672, 2314, 144684, 50032, 208638, 30804, 172039, 151408, 200153, 110598, 40733, 150796, 46395, 88212, 27987, 148227, 15339, 38213, 109349, ]
6224.09 (ms) | 34 => [65211, 109154, 119748, 18190, 92118, 145647, 40718, 155890, 179094, 120411, 208659, 160556, 54349, 59305, 22672, 2314, 144684, 50032, 208638, 30804, 172039, 151408, 200153, 110598, 40733, 150796, 46395, 88212, 27987, 148227, 15339, 38213, 109349, 119610, ]
6224.88 (ms) | 35 => [65211, 109154, 119748, 18190, 92118, 145647, 40718, 155890, 179094, 120411, 208659, 160556, 54349, 59305, 22672, 2314, 144684, 50032, 208638, 30804, 172039, 151408, 200153, 110598, 40733, 150796, 46395, 88212, 27987, 148227, 15339, 38213, 109349, 119610, 207367, ]
6225.56 (ms) | 36 => [65211, 109154, 119748, 18190, 92118, 145647, 40718, 155890, 179094, 120411, 208659, 160556, 54349, 59305, 22672, 2314, 144684, 50032, 208638, 30804, 172039, 151408, 200153, 110598, 40733, 150796, 46395, 88212, 27987, 148227, 15339, 38213, 109349, 119610, 207367, 104600, ]
6226.11 (ms) | 37 => [65211, 109154, 119748, 18190, 92118, 145647, 40718, 155890, 179094, 120411, 208659, 160556, 54349, 59305, 22672, 2314, 144684, 50032, 208638, 30804, 172039, 151408, 200153, 110598, 40733, 150796, 46395, 88212, 27987, 148227, 15339, 38213, 109349, 119610, 207367, 104600, 112361, ]
6226.61 (ms) | 38 => [65211, 109154, 119748, 18190, 92118, 145647, 40718, 155890, 179094, 120411, 208659, 160556, 54349, 59305, 22672, 2314, 144684, 50032, 208638, 30804, 172039, 151408, 200153, 110598, 40733, 150796, 46395, 88212, 27987, 148227, 15339, 38213, 109349, 119610, 207367, 104600, 112361, 151197, ]
6227.02 (ms) | 39 => [65211, 109154, 119748, 18190, 92118, 145647, 40718, 155890, 179094, 120411, 208659, 160556, 54349, 59305, 22672, 2314, 144684, 50032, 208638, 30804, 172039, 151408, 200153, 110598, 40733, 150796, 46395, 88212, 27987, 148227, 15339, 38213, 109349, 119610, 207367, 104600, 112361, 151197, 203266, ]
6227.29 (ms) | 40 => [65211, 109154, 119748, 18190, 92118, 145647, 40718, 155890, 179094, 120411, 208659, 160556, 54349, 59305, 22672, 2314, 144684, 50032, 208638, 30804, 172039, 151408, 200153, 110598, 40733, 150796, 46395, 88212, 27987, 148227, 15339, 38213, 109349, 119610, 207367, 104600, 112361, 151197, 203266, 41061, ]
6227.51 (ms) | 41 => [65211, 109154, 119748, 18190, 92118, 145647, 40718, 155890, 179094, 120411, 208659, 160556, 54349, 59305, 22672, 2314, 144684, 50032, 208638, 30804, 172039, 151408, 200153, 110598, 40733, 150796, 46395, 88212, 27987, 148227, 15339, 38213, 109349, 119610, 207367, 104600, 112361, 151197, 203266, 41061, 62163, ]
6227.8 (ms) | 42 => [65211, 109154, 119748, 18190, 92118, 145647, 40718, 155890, 179094, 120411, 208659, 160556, 54349, 59305, 22672, 2314, 144684, 50032, 208638, 30804, 172039, 151408, 200153, 110598, 40733, 150796, 46395, 88212, 27987, 148227, 15339, 38213, 109349, 119610, 207367, 104600, 112361, 151197, 203266, 41061, 62163, 46738, ]
6228.02 (ms) | 43 => [65211, 109154, 119748, 18190, 92118, 145647, 40718, 155890, 179094, 120411, 208659, 160556, 54349, 59305, 22672, 2314, 144684, 50032, 208638, 30804, 172039, 151408, 200153, 110598, 40733, 150796, 46395, 88212, 27987, 148227, 15339, 38213, 109349, 119610, 207367, 104600, 112361, 151197, 203266, 41061, 62163, 46738, 170473, ]
6228.17 (ms) | 44 => [65211, 109154, 119748, 18190, 92118, 145647, 40718, 155890, 179094, 120411, 208659, 160556, 54349, 59305, 22672, 2314, 144684, 50032, 208638, 30804, 172039, 151408, 200153, 110598, 40733, 150796, 46395, 88212, 27987, 148227, 15339, 38213, 109349, 119610, 207367, 104600, 112361, 151197, 203266, 41061, 62163, 46738, 170473, 23503, ]
6228.25 (ms) | 45 => [65211, 109154, 119748, 18190, 92118, 145647, 40718, 155890, 179094, 120411, 208659, 160556, 54349, 59305, 22672, 2314, 144684, 50032, 208638, 30804, 172039, 151408, 200153, 110598, 40733, 150796, 46395, 88212, 27987, 148227, 15339, 38213, 109349, 119610, 207367, 104600, 112361, 151197, 203266, 41061, 62163, 46738, 170473, 23503, 106658, ]
6228.31 (ms) | 46 => [65211, 109154, 119748, 18190, 92118, 145647, 40718, 155890, 179094, 120411, 208659, 160556, 54349, 59305, 22672, 2314, 144684, 50032, 208638, 30804, 172039, 151408, 200153, 110598, 40733, 150796, 46395, 88212, 27987, 148227, 15339, 38213, 109349, 119610, 207367, 104600, 112361, 151197, 203266, 41061, 62163, 46738, 170473, 23503, 106658, 195155, ]
6228.36 (ms) | 47 => [65211, 109154, 119748, 18190, 92118, 145647, 40718, 155890, 179094, 120411, 208659, 160556, 54349, 59305, 22672, 2314, 144684, 50032, 208638, 30804, 172039, 151408, 200153, 110598, 40733, 150796, 46395, 88212, 27987, 148227, 15339, 38213, 109349, 119610, 207367, 104600, 112361, 151197, 203266, 41061, 62163, 46738, 170473, 23503, 106658, 195155, 187535, ]
6228.4 (ms) | 48 => [65211, 109154, 119748, 18190, 92118, 145647, 40718, 155890, 179094, 120411, 208659, 160556, 54349, 59305, 22672, 2314, 144684, 50032, 208638, 30804, 172039, 151408, 200153, 110598, 40733, 150796, 46395, 88212, 27987, 148227, 15339, 38213, 109349, 119610, 207367, 104600, 112361, 151197, 203266, 41061, 62163, 46738, 170473, 23503, 106658, 195155, 187535, 90590, ]
6228.43 (ms) | 49 => [65211, 109154, 119748, 18190, 92118, 145647, 40718, 155890, 179094, 120411, 208659, 160556, 54349, 59305, 22672, 2314, 144684, 50032, 208638, 30804, 172039, 151408, 200153, 110598, 40733, 150796, 46395, 88212, 27987, 148227, 15339, 38213, 109349, 119610, 207367, 104600, 112361, 151197, 203266, 41061, 62163, 46738, 170473, 23503, 106658, 195155, 187535, 90590, 124093, ]
6228.46 (ms) | 50 => [65211, 109154, 119748, 18190, 92118, 145647, 40718, 155890, 179094, 120411, 208659, 160556, 54349, 59305, 22672, 2314, 144684, 50032, 208638, 30804, 172039, 151408, 200153, 110598, 40733, 150796, 46395, 88212, 27987, 148227, 15339, 38213, 109349, 119610, 207367, 104600, 112361, 151197, 203266, 41061, 62163, 46738, 170473, 23503, 106658, 195155, 187535, 90590, 124093, 109243, ]
6228.49 (ms) | 51 => [65211, 109154, 119748, 18190, 92118, 145647, 40718, 155890, 179094, 120411, 208659, 160556, 54349, 59305, 22672, 2314, 144684, 50032, 208638, 30804, 172039, 151408, 200153, 110598, 40733, 150796, 46395, 88212, 27987, 148227, 15339, 38213, 109349, 119610, 207367, 104600, 112361, 151197, 203266, 41061, 62163, 46738, 170473, 23503, 106658, 195155, 187535, 90590, 124093, 109243, 39375, ]
7363.65 (ms) | 52 => [41061, 145647, 40718, 92118, 109154, 119748, 18190, 38213, 160556, 155890, 30804, 208659, 120411, 59305, 151197, 54349, 144684, 172039, 65211, 200153, 208638, 40733, 119610, 110598, 22672, 2314, 179094, 50032, 151408, 203266, 104600, 79829, 88212, 94279, 109349, 148227, 35748, 187156, 27987, 15339, 62163, 27573, 46395, 22550, 150796, 38689, 207367, 112361, 46738, 103760, 170473, 23503, ]
7363.79 (ms) | 53 => [41061, 145647, 40718, 92118, 109154, 119748, 18190, 38213, 160556, 155890, 30804, 208659, 120411, 59305, 151197, 54349, 144684, 172039, 65211, 200153, 208638, 40733, 119610, 110598, 22672, 2314, 179094, 50032, 151408, 203266, 104600, 79829, 88212, 94279, 109349, 148227, 35748, 187156, 27987, 15339, 62163, 27573, 46395, 22550, 150796, 38689, 207367, 112361, 46738, 103760, 170473, 23503, 106658, ]
7363.89 (ms) | 54 => [41061, 145647, 40718, 92118, 109154, 119748, 18190, 38213, 160556, 155890, 30804, 208659, 120411, 59305, 151197, 54349, 144684, 172039, 65211, 200153, 208638, 40733, 119610, 110598, 22672, 2314, 179094, 50032, 151408, 203266, 104600, 79829, 88212, 94279, 109349, 148227, 35748, 187156, 27987, 15339, 62163, 27573, 46395, 22550, 150796, 38689, 207367, 112361, 46738, 103760, 170473, 23503, 106658, 39375, ]
7363.94 (ms) | 55 => [41061, 145647, 40718, 92118, 109154, 119748, 18190, 38213, 160556, 155890, 30804, 208659, 120411, 59305, 151197, 54349, 144684, 172039, 65211, 200153, 208638, 40733, 119610, 110598, 22672, 2314, 179094, 50032, 151408, 203266, 104600, 79829, 88212, 94279, 109349, 148227, 35748, 187156, 27987, 15339, 62163, 27573, 46395, 22550, 150796, 38689, 207367, 112361, 46738, 103760, 170473, 23503, 106658, 39375, 195155, ]
7363.98 (ms) | 56 => [41061, 145647, 40718, 92118, 109154, 119748, 18190, 38213, 160556, 155890, 30804, 208659, 120411, 59305, 151197, 54349, 144684, 172039, 65211, 200153, 208638, 40733, 119610, 110598, 22672, 2314, 179094, 50032, 151408, 203266, 104600, 79829, 88212, 94279, 109349, 148227, 35748, 187156, 27987, 15339, 62163, 27573, 46395, 22550, 150796, 38689, 207367, 112361, 46738, 103760, 170473, 23503, 106658, 39375, 195155, 124093, ]
7364.02 (ms) | 57 => [41061, 145647, 40718, 92118, 109154, 119748, 18190, 38213, 160556, 155890, 30804, 208659, 120411, 59305, 151197, 54349, 144684, 172039, 65211, 200153, 208638, 40733, 119610, 110598, 22672, 2314, 179094, 50032, 151408, 203266, 104600, 79829, 88212, 94279, 109349, 148227, 35748, 187156, 27987, 15339, 62163, 27573, 46395, 22550, 150796, 38689, 207367, 112361, 46738, 103760, 170473, 23503, 106658, 39375, 195155, 124093, 187535, ]
7364.08 (ms) | 58 => [41061, 145647, 40718, 92118, 109154, 119748, 18190, 38213, 160556, 155890, 30804, 208659, 120411, 59305, 151197, 54349, 144684, 172039, 65211, 200153, 208638, 40733, 119610, 110598, 22672, 2314, 179094, 50032, 151408, 203266, 104600, 79829, 88212, 94279, 109349, 148227, 35748, 187156, 27987, 15339, 62163, 27573, 46395, 22550, 150796, 38689, 207367, 112361, 46738, 103760, 170473, 23503, 106658, 39375, 195155, 124093, 187535, 90590, ]
7364.13 (ms) | 59 => [41061, 145647, 40718, 92118, 109154, 119748, 18190, 38213, 160556, 155890, 30804, 208659, 120411, 59305, 151197, 54349, 144684, 172039, 65211, 200153, 208638, 40733, 119610, 110598, 22672, 2314, 179094, 50032, 151408, 203266, 104600, 79829, 88212, 94279, 109349, 148227, 35748, 187156, 27987, 15339, 62163, 27573, 46395, 22550, 150796, 38689, 207367, 112361, 46738, 103760, 170473, 23503, 106658, 39375, 195155, 124093, 187535, 90590, 109243, ]
53537.5 (ms) | 60 => [209488, 145647, 22672, 18190, 92118, 40718, 88212, 59305, 151408, 155890, 119748, 54349, 144684, 208659, 27987, 120411, 109154, 65211, 160556, 110598, 30804, 79829, 208638, 179094, 200153, 172039, 40733, 94279, 50032, 2314, 35748, 119610, 22550, 104600, 187156, 38689, 64420, 71961, 54257, 27573, 206482, 46395, 167627, 210648, 109349, 101564, 207367, 45848, 16093, 203266, 151197, 41061, 62163, 103760, 46738, 195155, 170473, 106658, 39375, 23503, ]
53537.6 (ms) | 61 => [209488, 145647, 22672, 18190, 92118, 40718, 88212, 59305, 151408, 155890, 119748, 54349, 144684, 208659, 27987, 120411, 109154, 65211, 160556, 110598, 30804, 79829, 208638, 179094, 200153, 172039, 40733, 94279, 50032, 2314, 35748, 119610, 22550, 104600, 187156, 38689, 64420, 71961, 54257, 27573, 206482, 46395, 167627, 210648, 109349, 101564, 207367, 45848, 16093, 203266, 151197, 41061, 62163, 103760, 46738, 195155, 170473, 106658, 39375, 23503, 124093, ]
53537.6 (ms) | 62 => [209488, 145647, 22672, 18190, 92118, 40718, 88212, 59305, 151408, 155890, 119748, 54349, 144684, 208659, 27987, 120411, 109154, 65211, 160556, 110598, 30804, 79829, 208638, 179094, 200153, 172039, 40733, 94279, 50032, 2314, 35748, 119610, 22550, 104600, 187156, 38689, 64420, 71961, 54257, 27573, 206482, 46395, 167627, 210648, 109349, 101564, 207367, 45848, 16093, 203266, 151197, 41061, 62163, 103760, 46738, 195155, 170473, 106658, 39375, 23503, 124093, 187535, ]
53537.6 (ms) | 63 => [209488, 145647, 22672, 18190, 92118, 40718, 88212, 59305, 151408, 155890, 119748, 54349, 144684, 208659, 27987, 120411, 109154, 65211, 160556, 110598, 30804, 79829, 208638, 179094, 200153, 172039, 40733, 94279, 50032, 2314, 35748, 119610, 22550, 104600, 187156, 38689, 64420, 71961, 54257, 27573, 206482, 46395, 167627, 210648, 109349, 101564, 207367, 45848, 16093, 203266, 151197, 41061, 62163, 103760, 46738, 195155, 170473, 106658, 39375, 23503, 124093, 187535, 90590, ]
53537.7 (ms) | 64 => [209488, 145647, 22672, 18190, 92118, 40718, 88212, 59305, 151408, 155890, 119748, 54349, 144684, 208659, 27987, 120411, 109154, 65211, 160556, 110598, 30804, 79829, 208638, 179094, 200153, 172039, 40733, 94279, 50032, 2314, 35748, 119610, 22550, 104600, 187156, 38689, 64420, 71961, 54257, 27573, 206482, 46395, 167627, 210648, 109349, 101564, 207367, 45848, 16093, 203266, 151197, 41061, 62163, 103760, 46738, 195155, 170473, 106658, 39375, 23503, 124093, 187535, 90590, 109243, ]
248870 (ms) | 65 => [151197, 64420, 145647, 40718, 92118, 41061, 155890, 18190, 119748, 208659, 160556, 203266, 179094, 22672, 54349, 120411, 109154, 65211, 59305, 144684, 208638, 50032, 172039, 200153, 151408, 2314, 119610, 30804, 104600, 62163, 110598, 35748, 187156, 94279, 40733, 22550, 88212, 79829, 15339, 27987, 46395, 46738, 38689, 27573, 71961, 23503, 170473, 106658, 195155, 39375, 187535, 90590, 124093, 109243, 210648, 54257, 103760, 206482, 109349, 207367, 209488, 167627, 45848, 101564, 16093, ]
