/*
 *        copyright (c) 2012-2017 Oscar Riveros. all rights reserved.
 *                           oscar.riveros@peqnp.com
 *
 *    without any restriction, Oscar Riveros reserved rights, patents and
 *  commercialization of this knowledge or derived directly from this work.
*/

https://twitter.com/maxtuno
data => http://snap.stanford.edu/data/egonets-Twitter.html

6611.27 (ms) | 7 => [3442781, 6574782, 16734718, 93905958, 276575319, 363148423, 568770231, ]
6613.32 (ms) | 9 => [3359851, 16734718, 23822446, 34068984, 93905958, 111210694, 113751683, 276575319, 568770231, ]
6613.35 (ms) | 10 => [3359851, 16464746, 16734718, 18742444, 23822446, 93905958, 111210694, 113751683, 276575319, 568770231, ]
6774.88 (ms) | 14 => [18996905, 22462180, 34428380, 40981798, 43003845, 158419434, 195475105, 202195505, 214968599, 226629405, 258140947, 276706356, 461410856, 567657021, ]
6825.42 (ms) | 18 => [30735580, 38435868, 45690012, 72472227, 112911033, 124524869, 158604849, 205059591, 245490751, 300842571, 506342927, 506688854, 521767788, 523820651, 543002037, 547777805, 556520707, 567262610, ]
6825.54 (ms) | 21 => [30735580, 38435868, 45690012, 72472227, 124524869, 144211337, 158604849, 205059591, 245490751, 300842571, 324660438, 505977364, 506342927, 506460125, 506495202, 506688854, 521767788, 523820651, 547777805, 556520707, 567262610, ]
6826.18 (ms) | 23 => [23138959, 30735580, 38435868, 45690012, 72472227, 124524869, 144211337, 158604849, 205059591, 245490751, 300842571, 324660438, 505977364, 506174692, 506342927, 506460125, 506495202, 506498803, 506688854, 521767788, 523820651, 556520707, 567262610, ]
6828.51 (ms) | 24 => [14105356, 17759701, 23138959, 30735580, 45690012, 72472227, 143232050, 144211337, 158604849, 205059591, 245490751, 300842571, 324660438, 433177126, 505913672, 505977364, 506174692, 506342927, 506495202, 506498803, 506688854, 521767788, 523820651, 567262610, ]
7245.95 (ms) | 28 => [18848018, 256497288, 269930499, 270673659, 271658840, 284745621, 290176149, 290929161, 291245327, 292030309, 292608038, 293802222, 295062437, 296171243, 299105597, 304411861, 314912550, 320140485, 320995385, 349932090, 394239302, 403996946, 464435768, 466121896, 467753757, 512638904, 540748208, 563853564, ]
7246.76 (ms) | 29 => [18848018, 145910123, 256497288, 269930499, 270673659, 271658840, 290176149, 290929161, 291245327, 292030309, 292608038, 292915903, 293802222, 295062437, 296171243, 299105597, 304411861, 307121607, 314912550, 320140485, 320995385, 349932090, 354139446, 426907745, 464435768, 466121896, 512638904, 540748208, 563853564, ]
7249.27 (ms) | 30 => [18848018, 46948334, 145910123, 256497288, 269930499, 270673659, 271658840, 287906361, 290176149, 290929161, 291245327, 292030309, 292608038, 292915903, 293802222, 295062437, 296171243, 299105597, 304411861, 307121607, 314912550, 320140485, 320995385, 349932090, 354139446, 426907745, 464435768, 466121896, 540748208, 563853564, ]
7253.36 (ms) | 32 => [18848018, 145910123, 256497288, 269930499, 284745621, 286481552, 288404606, 290176149, 290929161, 292030309, 292608038, 293802222, 294361452, 295062437, 296171243, 297229855, 300385517, 301282103, 311840368, 320140485, 320995385, 349872060, 349932090, 357227113, 360094552, 368829926, 455060666, 458845777, 464435768, 478817325, 512638904, 563853564, ]
7254.3 (ms) | 33 => [18848018, 256497288, 270673659, 271658840, 284745621, 290176149, 290929161, 291245327, 292030309, 292608038, 293802222, 294290268, 295062437, 296171243, 297358566, 299105597, 301282103, 304411861, 314912550, 320140485, 320995385, 349932090, 357227113, 394239302, 397464131, 403996946, 455060666, 458845777, 464435768, 466121896, 467753757, 512638904, 563853564, ]
7257.59 (ms) | 34 => [18848018, 145910123, 256497288, 270673659, 271658840, 284745621, 290176149, 290929161, 291245327, 292030309, 292608038, 293802222, 294290268, 294361452, 295062437, 296171243, 297229855, 297358566, 299105597, 301282103, 304411861, 314912550, 320140485, 320995385, 349932090, 357227113, 397464131, 455060666, 458845777, 464435768, 466121896, 467753757, 512638904, 563853564, ]
7257.9 (ms) | 35 => [18848018, 145910123, 256497288, 270673659, 271658840, 284745621, 290176149, 290929161, 291245327, 292030309, 292608038, 293802222, 294290268, 294361452, 295062437, 296171243, 297042642, 297229855, 297358566, 299105597, 300385517, 301282103, 304411861, 320140485, 320995385, 349932090, 357227113, 397464131, 455060666, 458845777, 464435768, 466121896, 467753757, 512638904, 563853564, ]
7268.3 (ms) | 36 => [18848018, 145910123, 256497288, 270673659, 271658840, 284681556, 284745621, 290176149, 290929161, 291245327, 292030309, 292608038, 293802222, 294290268, 294361452, 295062437, 296171243, 297229855, 297358566, 299105597, 301282103, 301529877, 304411861, 312217057, 314912550, 320140485, 320995385, 349932090, 357227113, 397464131, 455060666, 458845777, 464435768, 467753757, 512638904, 563853564, ]
7268.78 (ms) | 37 => [18848018, 145910123, 256497288, 270673659, 271658840, 284681556, 284745621, 290176149, 290929161, 291245327, 292030309, 292608038, 293802222, 294290268, 294361452, 295062437, 296171243, 297042642, 297229855, 297358566, 299105597, 300385517, 301282103, 301529877, 304411861, 312217057, 320140485, 320995385, 349932090, 357227113, 397464131, 455060666, 458845777, 464435768, 467753757, 512638904, 563853564, ]
7274.8 (ms) | 40 => [18848018, 145910123, 256497288, 270673659, 271658840, 286481552, 290176149, 290929161, 291245327, 292030309, 292608038, 292915903, 293802222, 294290268, 294361452, 295062437, 296171243, 297042642, 297229855, 297358566, 299105597, 300385517, 301282103, 304411861, 307121607, 320140485, 320995385, 338614678, 349932090, 354139446, 357227113, 368829926, 397464131, 426907745, 455060666, 458845777, 464435768, 466121896, 512638904, 563853564, ]
7291.54 (ms) | 41 => [18848018, 145910123, 256497288, 270673659, 271658840, 284681556, 286481552, 290176149, 290929161, 291245327, 292030309, 292608038, 292915903, 293802222, 294290268, 294361452, 295062437, 296171243, 297042642, 297229855, 297358566, 301282103, 301726492, 304411861, 307121607, 312217057, 320140485, 338614678, 344427455, 349872060, 349932090, 354139446, 357227113, 368829926, 397464131, 426907745, 455060666, 458845777, 464435768, 512638904, 563853564, ]
7291.69 (ms) | 44 => [18848018, 145910123, 256497288, 270673659, 271658840, 284681556, 286481552, 290176149, 290929161, 291245327, 292030309, 292608038, 292915903, 293802222, 294290268, 294361452, 295062437, 296171243, 297042642, 297229855, 297358566, 299105597, 300385517, 301282103, 301529877, 301726492, 304411861, 307121607, 312217057, 320140485, 320995385, 338614678, 349872060, 349932090, 354139446, 357227113, 368829926, 397464131, 426907745, 455060666, 458845777, 464435768, 512638904, 563853564, ]
7565.61 (ms) | 45 => [18848018, 145910123, 256497288, 271658840, 284681556, 286481552, 287906361, 290176149, 290929161, 291245327, 292030309, 292608038, 292915903, 293802222, 294290268, 294361452, 295062437, 296171243, 297042642, 297229855, 297358566, 299105597, 300385517, 301282103, 301529877, 301721565, 301726492, 304411861, 307121607, 312217057, 320140485, 320995385, 338614678, 349872060, 349932090, 354139446, 355743081, 357227113, 368829926, 397464131, 426907745, 455060666, 458845777, 464435768, 563853564, ]
7621.06 (ms) | 46 => [18848018, 145910123, 256497288, 270231980, 271658840, 284681556, 286481552, 290176149, 290929161, 291245327, 292030309, 292608038, 292915903, 293802222, 294290268, 294361452, 295062437, 296171243, 297042642, 297229855, 297358566, 301282103, 301721565, 301726492, 307121607, 309012614, 312217057, 320140485, 325116715, 338614678, 344427455, 349872060, 349932090, 354139446, 355743081, 357227113, 360094552, 368829926, 370352650, 372499406, 374833275, 397464131, 455060666, 458845777, 464435768, 563853564, ]
7621.62 (ms) | 50 => [18848018, 256497288, 270231980, 271658840, 284681556, 286481552, 287906361, 290176149, 290929161, 291245327, 292030309, 292608038, 293802222, 294290268, 294361452, 295062437, 296171243, 297042642, 297229855, 297358566, 299105597, 300007014, 300385517, 301282103, 301529877, 301721565, 301726492, 301869137, 307121607, 311840368, 312217057, 320140485, 320995385, 325116715, 338614678, 349872060, 349932090, 354139446, 355743081, 357227113, 360094552, 368829926, 370352650, 372499406, 374833275, 397464131, 455060666, 458845777, 464435768, 563853564, ]
7622.5 (ms) | 51 => [18848018, 256497288, 270231980, 271658840, 284681556, 286481552, 287906361, 290176149, 290929161, 291245327, 292030309, 292608038, 292915903, 293802222, 294290268, 294361452, 295062437, 296171243, 297042642, 297229855, 297358566, 299105597, 300007014, 300385517, 301282103, 301529877, 301721565, 301726492, 301869137, 307121607, 309012614, 312217057, 320140485, 320995385, 325116715, 338614678, 349872060, 349932090, 354139446, 355743081, 357227113, 360094552, 368829926, 370352650, 372499406, 374833275, 397464131, 455060666, 458845777, 464435768, 563853564, ]
11528.6 (ms) | 52 => [18848018, 256497288, 270231980, 271658840, 273452154, 284681556, 286481552, 287906361, 290176149, 290929161, 291245327, 292030309, 292608038, 292915903, 293802222, 294290268, 294361452, 295062437, 296171243, 297042642, 297229855, 297358566, 298376225, 299105597, 299243917, 300007014, 300385517, 300461530, 301282103, 301529877, 301721565, 301726492, 301869137, 307121607, 309012614, 312217057, 320140485, 325116715, 338614678, 349872060, 349932090, 354139446, 355743081, 357227113, 360094552, 368829926, 370352650, 372499406, 374833275, 397464131, 458845777, 563853564, ]
19130.7 (ms) | 53 => [18848018, 256497288, 270231980, 271658840, 284681556, 286481552, 287906361, 290176149, 290929161, 291245327, 292030309, 292608038, 292915903, 293802222, 294290268, 294361452, 295062437, 296171243, 297229855, 297358566, 299105597, 300007014, 301282103, 301721565, 301869137, 307121607, 309012614, 312217057, 320140485, 320995385, 325116715, 338614678, 343051634, 349872060, 349932090, 354139446, 355743081, 357227113, 357740963, 368829926, 374833275, 388622544, 395026311, 397464131, 398120967, 399644859, 455060666, 463999696, 464435768, 466311355, 523832656, 554402185, 555800132, ]
19784.8 (ms) | 54 => [18848018, 256497288, 270231980, 271658840, 284681556, 286481552, 287906361, 290176149, 290929161, 291245327, 292030309, 292608038, 292915903, 293802222, 294290268, 294361452, 295062437, 296171243, 297229855, 297358566, 299105597, 300007014, 300385517, 301282103, 301721565, 301726492, 301869137, 307121607, 309012614, 312217057, 320140485, 320995385, 325116715, 338614678, 343051634, 349872060, 349932090, 354139446, 355743081, 357227113, 357740963, 368829926, 374833275, 388622544, 395026311, 397464131, 399644859, 455060666, 463999696, 464435768, 466311355, 523832656, 554402185, 555800132, ]
23183.5 (ms) | 55 => [18848018, 256497288, 269930499, 271658840, 284681556, 286481552, 287906361, 290176149, 290929161, 291245327, 292030309, 292608038, 293802222, 294361452, 295062437, 296171243, 297042642, 297229855, 297358566, 299105597, 300007014, 301282103, 301721565, 301869137, 304411861, 307121607, 311840368, 312217057, 320140485, 320995385, 321096972, 325116715, 338614678, 343051634, 349932090, 354139446, 357227113, 357740963, 360268721, 368829926, 370352650, 374833275, 388622544, 394508134, 395026311, 395873820, 397464131, 398120967, 399644859, 455060666, 464435768, 466311355, 523832656, 554402185, 555800132, ]
23183.9 (ms) | 56 => [18848018, 256497288, 269930499, 271658840, 284681556, 286481552, 287906361, 290176149, 290929161, 291245327, 292030309, 292608038, 292915903, 293802222, 294361452, 295062437, 296171243, 297042642, 297229855, 297358566, 299105597, 300007014, 301282103, 301721565, 301869137, 304411861, 307121607, 309012614, 312217057, 320140485, 320995385, 321096972, 325116715, 338614678, 343051634, 349932090, 354139446, 357227113, 357740963, 360268721, 368829926, 370352650, 374833275, 388622544, 394508134, 395026311, 395873820, 397464131, 398120967, 399644859, 455060666, 464435768, 466311355, 523832656, 554402185, 555800132, ]
23197.6 (ms) | 57 => [18848018, 256497288, 269930499, 271658840, 284681556, 286481552, 287906361, 290176149, 290929161, 291245327, 292030309, 292608038, 292915903, 293802222, 294361452, 295062437, 296171243, 297042642, 297229855, 297358566, 299105597, 300007014, 301282103, 301721565, 301869137, 304411861, 307121607, 309012614, 312217057, 320140485, 320995385, 321096972, 325116715, 338614678, 343051634, 349872060, 349932090, 354139446, 355743081, 357227113, 357740963, 368829926, 370352650, 374833275, 388622544, 394508134, 395026311, 395873820, 397464131, 398120967, 399644859, 455060666, 464435768, 466311355, 523832656, 554402185, 555800132, ]
23513.9 (ms) | 58 => [18848018, 256497288, 271658840, 284681556, 286481552, 287906361, 290176149, 290929161, 291245327, 292030309, 292608038, 292915903, 293802222, 294290268, 294361452, 295062437, 296171243, 297042642, 297229855, 297358566, 299105597, 300007014, 301282103, 301721565, 301869137, 304411861, 307121607, 309012614, 312217057, 320140485, 320995385, 321096972, 325116715, 325954622, 338614678, 343051634, 349872060, 349932090, 354139446, 355743081, 357227113, 357740963, 360094552, 368829926, 370352650, 374833275, 388622544, 395026311, 395873820, 397464131, 398120967, 399644859, 455060666, 464435768, 466311355, 523832656, 554402185, 555800132, ]
25790.4 (ms) | 60 => [18848018, 256497288, 270231980, 271658840, 284681556, 286481552, 287906361, 290176149, 290929161, 291245327, 292030309, 292608038, 293802222, 294290268, 294361452, 295062437, 295355360, 296171243, 297042642, 297229855, 297358566, 299105597, 300007014, 301282103, 301529877, 301721565, 301869137, 307121607, 311840368, 312217057, 320140485, 320995385, 321096972, 325116715, 325954622, 338614678, 343051634, 349872060, 349932090, 354139446, 355743081, 357227113, 357740963, 360094552, 368829926, 370352650, 372499406, 374833275, 379644023, 388622544, 395873820, 397464131, 398120967, 399644859, 455060666, 464435768, 466311355, 523832656, 554402185, 555800132, ]
25791 (ms) | 61 => [18848018, 256497288, 270231980, 271658840, 284681556, 286481552, 287906361, 290176149, 290929161, 291245327, 292030309, 292608038, 292915903, 293802222, 294290268, 294361452, 295062437, 295355360, 296171243, 297042642, 297229855, 297358566, 299105597, 300007014, 301282103, 301529877, 301721565, 301869137, 307121607, 309012614, 312217057, 320140485, 320995385, 321096972, 325116715, 325954622, 338614678, 343051634, 349872060, 349932090, 354139446, 355743081, 357227113, 357740963, 360094552, 368829926, 370352650, 372499406, 374833275, 379644023, 388622544, 395873820, 397464131, 398120967, 399644859, 455060666, 464435768, 466311355, 523832656, 554402185, 555800132, ]
32879.9 (ms) | 62 => [18848018, 256497288, 270231980, 271658840, 284681556, 286481552, 287906361, 290176149, 290929161, 291245327, 292030309, 292608038, 293802222, 294290268, 294361452, 295062437, 295355360, 296171243, 297042642, 297229855, 297358566, 299105597, 300007014, 300385517, 301282103, 301529877, 301721565, 301726492, 301869137, 307121607, 311840368, 312217057, 320140485, 320995385, 321096972, 325116715, 325954622, 338614678, 343051634, 349872060, 349932090, 351641666, 354139446, 355743081, 357227113, 357740963, 360094552, 368829926, 370352650, 372499406, 374833275, 379644023, 388622544, 395873820, 397464131, 399644859, 455060666, 464435768, 466311355, 523832656, 554402185, 555800132, ]
32880.7 (ms) | 63 => [18848018, 256497288, 270231980, 271658840, 284681556, 286481552, 287906361, 290176149, 290929161, 291245327, 292030309, 292608038, 292915903, 293802222, 294290268, 294361452, 295062437, 295355360, 296171243, 297042642, 297229855, 297358566, 299105597, 300007014, 300385517, 301282103, 301529877, 301721565, 301726492, 301869137, 307121607, 309012614, 312217057, 320140485, 320995385, 321096972, 325116715, 325954622, 338614678, 343051634, 349872060, 349932090, 351641666, 354139446, 355743081, 357227113, 357740963, 360094552, 368829926, 370352650, 372499406, 374833275, 379644023, 388622544, 395873820, 397464131, 399644859, 455060666, 464435768, 466311355, 523832656, 554402185, 555800132, ]
340508 (ms) | 65 => [18848018, 256497288, 270231980, 271658840, 273452154, 286481552, 287906361, 290176149, 290929161, 291245327, 292030309, 292608038, 292915903, 293802222, 294290268, 294361452, 295062437, 295355360, 296171243, 297042642, 297229855, 297358566, 298376225, 299105597, 299243917, 300007014, 300385517, 300461530, 301282103, 301529877, 301721565, 301726492, 301869137, 307121607, 309012614, 312217057, 320140485, 321096972, 325116715, 325954622, 338614678, 343051634, 349872060, 349932090, 351641666, 354139446, 355743081, 357227113, 357740963, 360094552, 368829926, 370352650, 372499406, 374833275, 379644023, 388622544, 395873820, 397464131, 399527237, 399644859, 399651919, 466311355, 523832656, 554402185, 555800132, ]
