5.33141e+06 (ms)  : 1 => [5089, ]
5.33141e+06 (ms)  : 2 => [5089, 97101, ]
5.33141e+06 (ms)  : 3 => [125189, 1808, 118452, ]
5.33141e+06 (ms)  : 4 => [125189, 1808, 118452, 61009, ]
5.33141e+06 (ms)  : 5 => [104248, 56381, 87401, 54856, 24798, ]
5.33141e+06 (ms)  : 6 => [104248, 56381, 87401, 54856, 24798, 32559, ]
5.33141e+06 (ms)  : 7 => [104248, 56381, 87401, 54856, 24798, 32559, 117734, ]
5.33141e+06 (ms)  : 8 => [104248, 56381, 87401, 54856, 24798, 32559, 117734, 33040, ]
5.33141e+06 (ms)  : 9 => [132760, 126063, 126246, 108392, 129446, 16287, 93798, 89538, 107194, ]
5.33141e+06 (ms)  : 10 => [132760, 126063, 126246, 108392, 129446, 16287, 93798, 89538, 107194, 101811, ]
5.33141e+06 (ms)  : 11 => [132760, 126063, 126246, 108392, 129446, 16287, 93798, 89538, 107194, 101811, 82587, ]
5.33141e+06 (ms)  : 12 => [132760, 126063, 126246, 108392, 129446, 16287, 93798, 89538, 107194, 101811, 82587, 77754, ]
5.33141e+06 (ms)  : 13 => [132760, 126063, 126246, 108392, 129446, 16287, 93798, 89538, 107194, 101811, 82587, 77754, 71466, ]
5.33141e+06 (ms)  : 14 => [132760, 126063, 126246, 108392, 129446, 16287, 93798, 89538, 107194, 101811, 82587, 77754, 71466, 48189, ]
5.33141e+06 (ms)  : 15 => [132760, 126063, 126246, 108392, 129446, 16287, 93798, 89538, 107194, 101811, 82587, 77754, 71466, 48189, 18642, ]
5.33141e+06 (ms)  : 16 => [132760, 126063, 126246, 108392, 129446, 16287, 93798, 89538, 107194, 101811, 82587, 77754, 71466, 48189, 18642, 17689, ]
5.33141e+06 (ms)  : 17 => [132760, 126063, 126246, 108392, 129446, 16287, 93798, 89538, 107194, 101811, 82587, 77754, 71466, 48189, 18642, 17689, 5638, ]
5.33141e+06 (ms)  : 18 => [17983, 101236, 130413, 104103, 61827, 80223, 27915, 34608, 77129, 18314, 19869, 121891, 120747, 116126, 62659, 54131, 45242, 30693, ]
5.33141e+06 (ms)  : 19 => [17983, 101236, 130413, 104103, 61827, 80223, 27915, 34608, 77129, 18314, 19869, 121891, 120747, 116126, 62659, 54131, 45242, 30693, 18168, ]
5.33141e+06 (ms)  : 20 => [60117, 82558, 62859, 40990, 112609, 58182, 38810, 124231, 16558, 116337, 29502, 58243, 82261, 85744, 117140, 59915, 74497, 77816, 28563, 14212, ]
5.33141e+06 (ms)  : 21 => [60117, 82558, 62859, 40990, 112609, 58182, 38810, 124231, 16558, 116337, 29502, 58243, 82261, 85744, 117140, 59915, 74497, 77816, 28563, 14212, 44943, ]
5.33141e+06 (ms)  : 22 => [60117, 82558, 62859, 40990, 112609, 58182, 38810, 124231, 16558, 116337, 29502, 58243, 82261, 85744, 117140, 59915, 74497, 77816, 28563, 14212, 44943, 19204, ]
5.33141e+06 (ms)  : 23 => [60117, 82558, 62859, 40990, 112609, 58182, 38810, 124231, 16558, 116337, 29502, 58243, 82261, 85744, 117140, 59915, 74497, 77816, 28563, 14212, 44943, 19204, 36182, ]
5.33141e+06 (ms)  : 24 => [60117, 82558, 62859, 40990, 112609, 58182, 38810, 124231, 16558, 116337, 29502, 58243, 82261, 85744, 117140, 59915, 74497, 77816, 28563, 14212, 44943, 19204, 36182, 51866, ]
5.33141e+06 (ms)  : 25 => [60117, 82558, 62859, 40990, 112609, 58182, 38810, 124231, 16558, 116337, 29502, 58243, 82261, 85744, 117140, 59915, 74497, 77816, 28563, 14212, 44943, 19204, 36182, 51866, 38171, ]
5.33141e+06 (ms)  : 26 => [60117, 82558, 62859, 40990, 112609, 58182, 38810, 124231, 16558, 116337, 29502, 58243, 82261, 85744, 117140, 59915, 74497, 77816, 28563, 14212, 44943, 19204, 36182, 51866, 38171, 44278, ]
5.33141e+06 (ms)  : 27 => [60117, 82558, 62859, 40990, 112609, 58182, 38810, 124231, 16558, 116337, 29502, 58243, 82261, 85744, 117140, 59915, 74497, 77816, 28563, 14212, 44943, 19204, 36182, 51866, 38171, 44278, 5034, ]
5.33141e+06 (ms)  : 28 => [60117, 82558, 62859, 40990, 112609, 58182, 38810, 124231, 16558, 116337, 29502, 58243, 82261, 85744, 117140, 59915, 74497, 77816, 28563, 14212, 44943, 19204, 36182, 51866, 38171, 44278, 5034, 123951, ]
5.33141e+06 (ms)  : 29 => [60117, 82558, 62859, 40990, 112609, 58182, 38810, 124231, 16558, 116337, 29502, 58243, 82261, 85744, 117140, 59915, 74497, 77816, 28563, 14212, 44943, 19204, 36182, 51866, 38171, 44278, 5034, 123951, 75847, ]
5.33141e+06 (ms)  : 30 => [60117, 82558, 62859, 40990, 112609, 58182, 38810, 124231, 16558, 116337, 29502, 58243, 82261, 85744, 117140, 59915, 74497, 77816, 28563, 14212, 44943, 19204, 36182, 51866, 38171, 44278, 5034, 123951, 75847, 132594, ]
5.33141e+06 (ms)  : 31 => [60117, 82558, 62859, 40990, 112609, 58182, 38810, 124231, 16558, 116337, 29502, 58243, 82261, 85744, 117140, 59915, 74497, 77816, 28563, 14212, 44943, 19204, 36182, 51866, 38171, 44278, 5034, 123951, 75847, 132594, 128081, ]
5.33141e+06 (ms)  : 32 => [60117, 82558, 62859, 40990, 112609, 58182, 38810, 124231, 16558, 116337, 29502, 58243, 82261, 85744, 117140, 59915, 74497, 77816, 28563, 14212, 44943, 19204, 36182, 51866, 38171, 44278, 5034, 123951, 75847, 132594, 128081, 85451, ]
5.33141e+06 (ms)  : 33 => [60117, 82558, 62859, 40990, 112609, 58182, 38810, 124231, 16558, 116337, 29502, 58243, 82261, 85744, 117140, 59915, 74497, 77816, 28563, 14212, 44943, 19204, 36182, 51866, 38171, 44278, 5034, 123951, 75847, 132594, 128081, 85451, 55494, ]
5.33141e+06 (ms)  : 34 => [60117, 82558, 62859, 40990, 112609, 58182, 38810, 124231, 16558, 116337, 29502, 58243, 82261, 85744, 117140, 59915, 74497, 77816, 28563, 14212, 44943, 19204, 36182, 51866, 38171, 44278, 5034, 123951, 75847, 132594, 128081, 85451, 55494, 45009, ]
5.33141e+06 (ms)  : 35 => [60117, 82558, 62859, 40990, 112609, 58182, 38810, 124231, 16558, 116337, 29502, 58243, 82261, 85744, 117140, 59915, 74497, 77816, 28563, 14212, 44943, 19204, 36182, 51866, 38171, 44278, 5034, 123951, 75847, 132594, 128081, 85451, 55494, 45009, 32650, ]
5.33141e+06 (ms)  : 36 => [60117, 82558, 62859, 40990, 112609, 58182, 38810, 124231, 16558, 116337, 29502, 58243, 82261, 85744, 117140, 59915, 74497, 77816, 28563, 14212, 44943, 19204, 36182, 51866, 38171, 44278, 5034, 123951, 75847, 132594, 128081, 85451, 55494, 45009, 32650, 27862, ]
5.33141e+06 (ms)  : 37 => [92240, 92220, 69110, 132927, 14006, 111500, 494, 14149, 59292, 114804, 113663, 49486, 49387, 60975, 48043, 84886, 19960, 63709, 85990, 60760, 85481, 128213, 66840, 69977, 130997, 8775, 40270, 6288, 121026, 25329, 53213, 85451, 106497, 90592, 85077, 65337, 54681, ]
5.33141e+06 (ms)  : 38 => [92240, 92220, 69110, 132927, 14006, 111500, 494, 14149, 59292, 114804, 113663, 49486, 49387, 60975, 48043, 84886, 19960, 63709, 85990, 60760, 85481, 128213, 66840, 69977, 130997, 8775, 40270, 6288, 121026, 25329, 53213, 85451, 106497, 90592, 85077, 65337, 54681, 21718, ]
5.33143e+06 (ms)  : 39 => [7026, 100717, 120199, 80782, 131592, 122495, 116337, 113726, 57961, 16434, 14651, 111660, 42366, 100461, 125678, 8833, 74361, 49689, 129273, 5866, 8381, 71801, 68363, 39696, 55999, 55085, 112848, 122425, 113138, 107846, 106274, 100394, 89588, 67410, 62459, 60471, 52682, 44183, 35290, ]
5.33143e+06 (ms)  : 40 => [7026, 100717, 120199, 80782, 131592, 122495, 116337, 113726, 57961, 16434, 14651, 111660, 42366, 100461, 125678, 8833, 74361, 49689, 129273, 5866, 8381, 71801, 68363, 39696, 55999, 55085, 112848, 122425, 113138, 107846, 106274, 100394, 89588, 67410, 62459, 60471, 52682, 44183, 35290, 19383, ]
5.33143e+06 (ms)  : 41 => [7026, 100717, 120199, 80782, 131592, 122495, 116337, 113726, 57961, 16434, 14651, 111660, 42366, 100461, 125678, 8833, 74361, 49689, 129273, 5866, 8381, 71801, 68363, 39696, 55999, 55085, 112848, 122425, 113138, 107846, 106274, 100394, 89588, 67410, 62459, 60471, 52682, 44183, 35290, 19383, 16400, ]
5.33146e+06 (ms)  : 42 => [66514, 49242, 82887, 51700, 112486, 107657, 123790, 114539, 105925, 104113, 124359, 109375, 123706, 97434, 103046, 101863, 89194, 84327, 75616, 49944, 40181, 38264, 34893, 32020, 96459, 11874, 5233, 2633, 30, 99374, 49747, 111600, 13889, 103796, 95773, 27331, 72315, 1917, 31800, 83674, 111723, 105680, ]
5.33146e+06 (ms)  : 43 => [66514, 49242, 82887, 51700, 112486, 107657, 123790, 114539, 105925, 104113, 124359, 109375, 123706, 97434, 103046, 101863, 89194, 84327, 75616, 49944, 40181, 38264, 34893, 32020, 96459, 11874, 5233, 2633, 30, 99374, 49747, 111600, 13889, 103796, 95773, 27331, 72315, 1917, 31800, 83674, 111723, 105680, 104113, ]
5.33146e+06 (ms)  : 44 => [66514, 49242, 82887, 51700, 112486, 107657, 123790, 114539, 105925, 104113, 124359, 109375, 123706, 97434, 103046, 101863, 89194, 84327, 75616, 49944, 40181, 38264, 34893, 32020, 96459, 11874, 5233, 2633, 30, 99374, 49747, 111600, 13889, 103796, 95773, 27331, 72315, 1917, 31800, 83674, 111723, 105680, 104113, 27470, ]
5.33146e+06 (ms)  : 45 => [66514, 49242, 82887, 51700, 112486, 107657, 123790, 114539, 105925, 104113, 124359, 109375, 123706, 97434, 103046, 101863, 89194, 84327, 75616, 49944, 40181, 38264, 34893, 32020, 96459, 11874, 5233, 2633, 30, 99374, 49747, 111600, 13889, 103796, 95773, 27331, 72315, 1917, 31800, 83674, 111723, 105680, 104113, 27470, 23626, ]
5.33146e+06 (ms)  : 46 => [66514, 49242, 82887, 51700, 112486, 107657, 123790, 114539, 105925, 104113, 124359, 109375, 123706, 97434, 103046, 101863, 89194, 84327, 75616, 49944, 40181, 38264, 34893, 32020, 96459, 11874, 5233, 2633, 30, 99374, 49747, 111600, 13889, 103796, 95773, 27331, 72315, 1917, 31800, 83674, 111723, 105680, 104113, 27470, 23626, 14976, ]
5.33146e+06 (ms)  : 47 => [66514, 49242, 82887, 51700, 112486, 107657, 123790, 114539, 105925, 104113, 124359, 109375, 123706, 97434, 103046, 101863, 89194, 84327, 75616, 49944, 40181, 38264, 34893, 32020, 96459, 11874, 5233, 2633, 30, 99374, 49747, 111600, 13889, 103796, 95773, 27331, 72315, 1917, 31800, 83674, 111723, 105680, 104113, 27470, 23626, 14976, 4786, ]
5.33149e+06 (ms)  : 48 => [130853, 131221, 130519, 125954, 107877, 105049, 83351, 80561, 75947, 70339, 62855, 60576, 57156, 56933, 51697, 49258, 11799, 126916, 122787, 119515, 115900, 115480, 115209, 114352, 104749, 101167, 99539, 99239, 99104, 99086, 97320, 95765, 92790, 84122, 80186, 74570, 73589, 67299, 59861, 58278, 48703, 44785, 44434, 37479, 28577, 23453, 17837, 8273, ]
5.33149e+06 (ms)  : 49 => [130853, 131221, 130519, 125954, 107877, 105049, 83351, 80561, 75947, 70339, 62855, 60576, 57156, 56933, 51697, 49258, 11799, 126916, 122787, 119515, 115900, 115480, 115209, 114352, 104749, 101167, 99539, 99239, 99104, 99086, 97320, 95765, 92790, 84122, 80186, 74570, 73589, 67299, 59861, 58278, 48703, 44785, 44434, 37479, 28577, 23453, 17837, 8273, 7264, ]
5.33149e+06 (ms)  : 50 => [130853, 131221, 130519, 125954, 107877, 105049, 83351, 80561, 75947, 70339, 62855, 60576, 57156, 56933, 51697, 49258, 11799, 126916, 122787, 119515, 115900, 115480, 115209, 114352, 104749, 101167, 99539, 99239, 99104, 99086, 97320, 95765, 92790, 84122, 80186, 74570, 73589, 67299, 59861, 58278, 48703, 44785, 44434, 37479, 28577, 23453, 17837, 8273, 7264, 7205, ]
5.33149e+06 (ms)  : 51 => [130853, 131221, 130519, 125954, 107877, 105049, 83351, 80561, 75947, 70339, 62855, 60576, 57156, 56933, 51697, 49258, 11799, 126916, 122787, 119515, 115900, 115480, 115209, 114352, 104749, 101167, 99539, 99239, 99104, 99086, 97320, 95765, 92790, 84122, 80186, 74570, 73589, 67299, 59861, 58278, 48703, 44785, 44434, 37479, 28577, 23453, 17837, 8273, 7264, 7205, 7083, ]
5.33149e+06 (ms)  : 52 => [130853, 131221, 130519, 125954, 107877, 105049, 83351, 80561, 75947, 70339, 62855, 60576, 57156, 56933, 51697, 49258, 11799, 126916, 122787, 119515, 115900, 115480, 115209, 114352, 104749, 101167, 99539, 99239, 99104, 99086, 97320, 95765, 92790, 84122, 80186, 74570, 73589, 67299, 59861, 58278, 48703, 44785, 44434, 37479, 28577, 23453, 17837, 8273, 7264, 7205, 7083, 5453, ]
5.33149e+06 (ms)  : 53 => [130853, 131221, 130519, 125954, 107877, 105049, 83351, 80561, 75947, 70339, 62855, 60576, 57156, 56933, 51697, 49258, 11799, 126916, 122787, 119515, 115900, 115480, 115209, 114352, 104749, 101167, 99539, 99239, 99104, 99086, 97320, 95765, 92790, 84122, 80186, 74570, 73589, 67299, 59861, 58278, 48703, 44785, 44434, 37479, 28577, 23453, 17837, 8273, 7264, 7205, 7083, 5453, 4239, ]
5.33149e+06 (ms)  : 54 => [130853, 131221, 130519, 125954, 107877, 105049, 83351, 80561, 75947, 70339, 62855, 60576, 57156, 56933, 51697, 49258, 11799, 126916, 122787, 119515, 115900, 115480, 115209, 114352, 104749, 101167, 99539, 99239, 99104, 99086, 97320, 95765, 92790, 84122, 80186, 74570, 73589, 67299, 59861, 58278, 48703, 44785, 44434, 37479, 28577, 23453, 17837, 8273, 7264, 7205, 7083, 5453, 4239, 2094, ]
5.33149e+06 (ms)  : 55 => [130853, 131221, 130519, 125954, 107877, 105049, 83351, 80561, 75947, 70339, 62855, 60576, 57156, 56933, 51697, 49258, 11799, 126916, 122787, 119515, 115900, 115480, 115209, 114352, 104749, 101167, 99539, 99239, 99104, 99086, 97320, 95765, 92790, 84122, 80186, 74570, 73589, 67299, 59861, 58278, 48703, 44785, 44434, 37479, 28577, 23453, 17837, 8273, 7264, 7205, 7083, 5453, 4239, 2094, 1776, ]
5.33149e+06 (ms)  : 56 => [130853, 131221, 130519, 125954, 107877, 105049, 83351, 80561, 75947, 70339, 62855, 60576, 57156, 56933, 51697, 49258, 11799, 126916, 122787, 119515, 115900, 115480, 115209, 114352, 104749, 101167, 99539, 99239, 99104, 99086, 97320, 95765, 92790, 84122, 80186, 74570, 73589, 67299, 59861, 58278, 48703, 44785, 44434, 37479, 28577, 23453, 17837, 8273, 7264, 7205, 7083, 5453, 4239, 2094, 1776, 1324, ]
5.33149e+06 (ms)  : 57 => [130853, 131221, 130519, 125954, 107877, 105049, 83351, 80561, 75947, 70339, 62855, 60576, 57156, 56933, 51697, 49258, 11799, 126916, 122787, 119515, 115900, 115480, 115209, 114352, 104749, 101167, 99539, 99239, 99104, 99086, 97320, 95765, 92790, 84122, 80186, 74570, 73589, 67299, 59861, 58278, 48703, 44785, 44434, 37479, 28577, 23453, 17837, 8273, 7264, 7205, 7083, 5453, 4239, 2094, 1776, 1324, 92790, ]
