5.33474e+06 (ms)  : 1 => [104817, ]
5.33474e+06 (ms)  : 2 => [104817, 73498, ]
5.33474e+06 (ms)  : 3 => [104817, 73498, 49453, ]
5.33474e+06 (ms)  : 4 => [76927, 82008, 23092, 103014, ]
5.33474e+06 (ms)  : 5 => [76927, 82008, 23092, 103014, 17106, ]
5.33474e+06 (ms)  : 6 => [72028, 30246, 81532, 61812, 8065, 7411, ]
5.33474e+06 (ms)  : 7 => [72028, 30246, 81532, 61812, 8065, 7411, 6148, ]
5.33475e+06 (ms)  : 8 => [4394, 69497, 19290, 51478, 38771, 70925, 33643, 22987, ]
5.33475e+06 (ms)  : 9 => [4394, 69497, 19290, 51478, 38771, 70925, 33643, 22987, 97632, ]
5.33475e+06 (ms)  : 10 => [4394, 69497, 19290, 51478, 38771, 70925, 33643, 22987, 97632, 67123, ]
5.33475e+06 (ms)  : 11 => [4394, 69497, 19290, 51478, 38771, 70925, 33643, 22987, 97632, 67123, 101472, ]
5.33475e+06 (ms)  : 12 => [4394, 69497, 19290, 51478, 38771, 70925, 33643, 22987, 97632, 67123, 101472, 23462, ]
5.33475e+06 (ms)  : 13 => [4394, 69497, 19290, 51478, 38771, 70925, 33643, 22987, 97632, 67123, 101472, 23462, 20694, ]
5.33475e+06 (ms)  : 14 => [43608, 3372, 87939, 55792, 87426, 80199, 25209, 33099, 46663, 87484, 45810, 32438, 22987, 18871, ]
5.33476e+06 (ms)  : 15 => [69454, 16727, 39193, 43911, 50945, 43683, 50840, 73647, 73147, 52658, 45942, 15822, 52658, 45942, 15822, ]
5.33476e+06 (ms)  : 16 => [69454, 16727, 39193, 43911, 50945, 43683, 50840, 73647, 73147, 52658, 45942, 15822, 52658, 45942, 15822, 73647, ]
5.33477e+06 (ms)  : 17 => [69454, 16727, 39193, 43911, 50945, 43683, 50840, 17955, 73147, 52658, 45942, 73647, 52658, 45942, 15822, 15822, 73647, ]
5.33479e+06 (ms)  : 18 => [37260, 38091, 104249, 96017, 89369, 105238, 93660, 31779, 104243, 104249, 97632, 93764, 87484, 81359, 62990, 45810, 39829, 27892, ]
5.33479e+06 (ms)  : 19 => [37260, 38091, 104249, 96017, 89369, 105238, 93660, 31779, 104243, 104249, 97632, 93764, 87484, 81359, 62990, 45810, 39829, 27892, 22987, ]
5.3348e+06 (ms)  : 20 => [53232, 4297, 11469, 90419, 6700, 84503, 36303, 66305, 90984, 33735, 71980, 75080, 17482, 41915, 23614, 15845, 52472, 51636, 51636, 41915, ]
5.3348e+06 (ms)  : 21 => [53232, 4297, 11469, 90419, 6700, 84503, 36303, 66305, 90984, 33735, 71980, 75080, 17482, 41915, 23614, 15845, 52472, 51636, 51636, 41915, 33735, ]
5.33488e+06 (ms)  : 22 => [31776, 65738, 39282, 27295, 14393, 91133, 84338, 85516, 29622, 50362, 61422, 68467, 66952, 25735, 30874, 17304, 22987, 64428, 2126, 97632, 78667, 905, ]
5.33493e+06 (ms)  : 23 => [39925, 45310, 89652, 35862, 35816, 79950, 78104, 36303, 66305, 90984, 33735, 79188, 75080, 71980, 51636, 41915, 33995, 33735, 23614, 17482, 14096, 12453, 41915, ]
5.33493e+06 (ms)  : 24 => [39925, 45310, 89652, 35862, 35816, 79950, 78104, 36303, 66305, 90984, 33735, 79188, 75080, 71980, 51636, 41915, 33995, 33735, 23614, 17482, 14096, 12453, 41915, 51636, ]
5.33493e+06 (ms)  : 25 => [4297, 11469, 90419, 6700, 39925, 89652, 35862, 35816, 79950, 78104, 36303, 66305, 90984, 33735, 71980, 75080, 17482, 52472, 51636, 41915, 33995, 33735, 23614, 15845, 14096, ]
5.33493e+06 (ms)  : 26 => [4297, 11469, 90419, 6700, 39925, 89652, 35862, 35816, 79950, 78104, 36303, 66305, 90984, 33735, 71980, 75080, 17482, 52472, 51636, 41915, 33995, 33735, 23614, 15845, 14096, 12453, ]
5.33493e+06 (ms)  : 27 => [4297, 11469, 90419, 6700, 39925, 89652, 35862, 35816, 79950, 78104, 36303, 66305, 90984, 33735, 71980, 75080, 17482, 52472, 51636, 41915, 33995, 33735, 23614, 15845, 14096, 12453, 41915, ]
5.33493e+06 (ms)  : 28 => [4297, 11469, 90419, 6700, 39925, 89652, 35862, 35816, 79950, 78104, 36303, 66305, 90984, 33735, 71980, 75080, 17482, 52472, 51636, 41915, 33995, 33735, 23614, 15845, 14096, 12453, 41915, 51636, ]
