5.33533e+06 (ms)  : 1 => [19607, ]
5.33533e+06 (ms)  : 2 => [19607, 18720, ]
5.33533e+06 (ms)  : 3 => [19607, 18720, 15931, ]
5.33533e+06 (ms)  : 4 => [23649, 23577, 9099, 5407, ]
5.33533e+06 (ms)  : 5 => [23649, 23577, 9099, 5407, 3731, ]
5.33533e+06 (ms)  : 6 => [23649, 23577, 9099, 5407, 3731, 15184, ]
5.33533e+06 (ms)  : 7 => [23649, 23577, 9099, 5407, 3731, 15184, 25201, ]
5.33533e+06 (ms)  : 8 => [23649, 23577, 9099, 5407, 3731, 15184, 25201, 24293, ]
5.33533e+06 (ms)  : 9 => [23649, 23577, 9099, 5407, 3731, 15184, 25201, 24293, 624, ]
5.33533e+06 (ms)  : 10 => [25205, 20534, 19216, 18971, 14767, 13714, 11015, 7717, 2250, 17439, ]
5.33533e+06 (ms)  : 11 => [25205, 20534, 19216, 18971, 14767, 13714, 11015, 7717, 2250, 17439, 4748, ]
5.33533e+06 (ms)  : 12 => [25205, 20534, 19216, 18971, 14767, 13714, 11015, 7717, 2250, 17439, 4748, 20511, ]
5.33533e+06 (ms)  : 13 => [25205, 20534, 19216, 18971, 14767, 13714, 11015, 7717, 2250, 17439, 4748, 20511, 4743, ]
5.33533e+06 (ms)  : 14 => [25205, 20534, 19216, 18971, 14767, 13714, 11015, 7717, 2250, 17439, 4748, 20511, 4743, 339, ]
5.33533e+06 (ms)  : 15 => [25205, 20534, 19216, 18971, 14767, 13714, 11015, 7717, 2250, 17439, 4748, 20511, 4743, 339, 5621, ]
5.33533e+06 (ms)  : 16 => [25205, 20534, 19216, 18971, 14767, 13714, 11015, 7717, 2250, 17439, 4748, 20511, 4743, 339, 5621, 9755, ]
5.33533e+06 (ms)  : 17 => [25205, 20534, 19216, 18971, 14767, 13714, 11015, 7717, 2250, 17439, 4748, 20511, 4743, 339, 5621, 9755, 2654, ]
5.33533e+06 (ms)  : 18 => [22887, 20562, 20108, 17692, 15659, 12851, 12496, 11472, 8879, 6830, 2952, 19961, 25758, 25346, 24955, 23293, 21847, 21508, ]
5.33533e+06 (ms)  : 19 => [22887, 20562, 20108, 17692, 15659, 12851, 12496, 11472, 8879, 6830, 2952, 19961, 25758, 25346, 24955, 23293, 21847, 21508, 21281, ]
5.33533e+06 (ms)  : 20 => [22887, 20562, 20108, 17692, 15659, 12851, 12496, 11472, 8879, 6830, 2952, 19961, 25758, 25346, 24955, 23293, 21847, 21508, 21281, 21012, ]
5.33533e+06 (ms)  : 21 => [22887, 20562, 20108, 17692, 15659, 12851, 12496, 11472, 8879, 6830, 2952, 19961, 25758, 25346, 24955, 23293, 21847, 21508, 21281, 21012, 20635, ]
5.33533e+06 (ms)  : 22 => [22887, 20562, 20108, 17692, 15659, 12851, 12496, 11472, 8879, 6830, 2952, 19961, 25758, 25346, 24955, 23293, 21847, 21508, 21281, 21012, 20635, 19423, ]
5.33533e+06 (ms)  : 23 => [22887, 20562, 20108, 17692, 15659, 12851, 12496, 11472, 8879, 6830, 2952, 19961, 25758, 25346, 24955, 23293, 21847, 21508, 21281, 21012, 20635, 19423, 18894, ]
5.33533e+06 (ms)  : 24 => [22887, 20562, 20108, 17692, 15659, 12851, 12496, 11472, 8879, 6830, 2952, 19961, 25758, 25346, 24955, 23293, 21847, 21508, 21281, 21012, 20635, 19423, 18894, 17655, ]
5.33533e+06 (ms)  : 25 => [22887, 20562, 20108, 17692, 15659, 12851, 12496, 11472, 8879, 6830, 2952, 19961, 25758, 25346, 24955, 23293, 21847, 21508, 21281, 21012, 20635, 19423, 18894, 17655, 15003, ]
5.33533e+06 (ms)  : 26 => [22887, 20562, 20108, 17692, 15659, 12851, 12496, 11472, 8879, 6830, 2952, 19961, 25758, 25346, 24955, 23293, 21847, 21508, 21281, 21012, 20635, 19423, 18894, 17655, 15003, 14807, ]
5.33533e+06 (ms)  : 27 => [22887, 20562, 20108, 17692, 15659, 12851, 12496, 11472, 8879, 6830, 2952, 19961, 25758, 25346, 24955, 23293, 21847, 21508, 21281, 21012, 20635, 19423, 18894, 17655, 15003, 14807, 14540, ]
5.33533e+06 (ms)  : 28 => [22887, 20562, 20108, 17692, 15659, 12851, 12496, 11472, 8879, 6830, 2952, 19961, 25758, 25346, 24955, 23293, 21847, 21508, 21281, 21012, 20635, 19423, 18894, 17655, 15003, 14807, 14540, 12781, ]
5.33533e+06 (ms)  : 29 => [22887, 20562, 20108, 17692, 15659, 12851, 12496, 11472, 8879, 6830, 2952, 19961, 25758, 25346, 24955, 23293, 21847, 21508, 21281, 21012, 20635, 19423, 18894, 17655, 15003, 14807, 14540, 12781, 12365, ]
5.33533e+06 (ms)  : 30 => [22887, 20562, 20108, 17692, 15659, 12851, 12496, 11472, 8879, 6830, 2952, 19961, 25758, 25346, 24955, 23293, 21847, 21508, 21281, 21012, 20635, 19423, 18894, 17655, 15003, 14807, 14540, 12781, 12365, 11241, ]
5.33533e+06 (ms)  : 31 => [22887, 20562, 20108, 17692, 15659, 12851, 12496, 11472, 8879, 6830, 2952, 19961, 25758, 25346, 24955, 23293, 21847, 21508, 21281, 21012, 20635, 19423, 18894, 17655, 15003, 14807, 14540, 12781, 12365, 11241, 9785, ]
5.33533e+06 (ms)  : 32 => [22887, 20562, 20108, 17692, 15659, 12851, 12496, 11472, 8879, 6830, 2952, 19961, 25758, 25346, 24955, 23293, 21847, 21508, 21281, 21012, 20635, 19423, 18894, 17655, 15003, 14807, 14540, 12781, 12365, 11241, 9785, 7956, ]
5.33533e+06 (ms)  : 33 => [22887, 20562, 20108, 17692, 15659, 12851, 12496, 11472, 8879, 6830, 2952, 19961, 25758, 25346, 24955, 23293, 21847, 21508, 21281, 21012, 20635, 19423, 18894, 17655, 15003, 14807, 14540, 12781, 12365, 11241, 9785, 7956, 6610, ]
5.33533e+06 (ms)  : 34 => [22887, 20562, 20108, 17692, 15659, 12851, 12496, 11472, 8879, 6830, 2952, 19961, 25758, 25346, 24955, 23293, 21847, 21508, 21281, 21012, 20635, 19423, 18894, 17655, 15003, 14807, 14540, 12781, 12365, 11241, 9785, 7956, 6610, 6179, ]
5.33533e+06 (ms)  : 35 => [22887, 20562, 20108, 17692, 15659, 12851, 12496, 11472, 8879, 6830, 2952, 19961, 25758, 25346, 24955, 23293, 21847, 21508, 21281, 21012, 20635, 19423, 18894, 17655, 15003, 14807, 14540, 12781, 12365, 11241, 9785, 7956, 6610, 6179, 4511, ]
5.33533e+06 (ms)  : 36 => [22887, 20562, 20108, 17692, 15659, 12851, 12496, 11472, 8879, 6830, 2952, 19961, 25758, 25346, 24955, 23293, 21847, 21508, 21281, 21012, 20635, 19423, 18894, 17655, 15003, 14807, 14540, 12781, 12365, 11241, 9785, 7956, 6610, 6179, 4511, 4164, ]
5.33533e+06 (ms)  : 37 => [22887, 20562, 20108, 17692, 15659, 12851, 12496, 11472, 8879, 6830, 2952, 19961, 25758, 25346, 24955, 23293, 21847, 21508, 21281, 21012, 20635, 19423, 18894, 17655, 15003, 14807, 14540, 12781, 12365, 11241, 9785, 7956, 6610, 6179, 4511, 4164, 3372, ]
5.33533e+06 (ms)  : 38 => [22887, 20562, 20108, 17692, 15659, 12851, 12496, 11472, 8879, 6830, 2952, 19961, 25758, 25346, 24955, 23293, 21847, 21508, 21281, 21012, 20635, 19423, 18894, 17655, 15003, 14807, 14540, 12781, 12365, 11241, 9785, 7956, 6610, 6179, 4511, 4164, 3372, 2741, ]
5.33533e+06 (ms)  : 39 => [22887, 20562, 20108, 17692, 15659, 12851, 12496, 11472, 8879, 6830, 2952, 19961, 25758, 25346, 24955, 23293, 21847, 21508, 21281, 21012, 20635, 19423, 18894, 17655, 15003, 14807, 14540, 12781, 12365, 11241, 9785, 7956, 6610, 6179, 4511, 4164, 3372, 2741, 2212, ]
5.33533e+06 (ms)  : 40 => [22887, 20562, 20108, 17692, 15659, 12851, 12496, 11472, 8879, 6830, 2952, 19961, 25758, 25346, 24955, 23293, 21847, 21508, 21281, 21012, 20635, 19423, 18894, 17655, 15003, 14807, 14540, 12781, 12365, 11241, 9785, 7956, 6610, 6179, 4511, 4164, 3372, 2741, 2212, 1653, ]
5.33533e+06 (ms)  : 41 => [22887, 20562, 20108, 17692, 15659, 12851, 12496, 11472, 8879, 6830, 2952, 19961, 25758, 25346, 24955, 23293, 21847, 21508, 21281, 21012, 20635, 19423, 18894, 17655, 15003, 14807, 14540, 12781, 12365, 11241, 9785, 7956, 6610, 6179, 4511, 4164, 3372, 2741, 2212, 1653, 773, ]
5.33533e+06 (ms)  : 42 => [22887, 20562, 20108, 17692, 15659, 12851, 12496, 11472, 8879, 6830, 2952, 19961, 25758, 25346, 24955, 23293, 21847, 21508, 21281, 21012, 20635, 19423, 18894, 17655, 15003, 14807, 14540, 12781, 12365, 11241, 9785, 7956, 6610, 6179, 4511, 4164, 3372, 2741, 2212, 1653, 773, 570, ]
5.33533e+06 (ms)  : 43 => [4513, 22887, 20562, 20108, 17692, 15659, 12851, 12496, 11472, 8879, 6830, 2952, 19961, 2212, 12781, 14540, 21508, 9785, 1653, 25346, 17655, 12365, 7956, 4164, 18894, 3372, 19423, 20635, 15003, 23293, 21281, 45, 24955, 14807, 2741, 6179, 21847, 25758, 22691, 21012, 11241, 6610, 570, ]
