5.33882e+06 (ms)  : 1 => [58507, ]
5.33882e+06 (ms)  : 2 => [58507, 24394, ]
5.33882e+06 (ms)  : 3 => [39984, 12715, 21669, ]
5.33882e+06 (ms)  : 4 => [39984, 12715, 21669, 17370, ]
5.33883e+06 (ms)  : 5 => [2022, 25750, 62302, 30012, 28406, ]
5.33883e+06 (ms)  : 6 => [2022, 25750, 62302, 30012, 28406, 25844, ]
5.33884e+06 (ms)  : 7 => [68368, 65091, 63707, 62494, 57830, 61292, 40370, ]
5.33884e+06 (ms)  : 8 => [68368, 65091, 63707, 62494, 57830, 61292, 40370, 38965, ]
5.33884e+06 (ms)  : 9 => [68368, 65091, 63707, 62494, 57830, 61292, 40370, 38965, 32719, ]
5.33884e+06 (ms)  : 10 => [68368, 65091, 63707, 62494, 57830, 61292, 40370, 38965, 32719, 29335, ]
5.33884e+06 (ms)  : 11 => [68368, 65091, 63707, 62494, 57830, 61292, 40370, 38965, 32719, 29335, 23687, ]
5.33884e+06 (ms)  : 12 => [68368, 65091, 63707, 62494, 57830, 61292, 40370, 38965, 32719, 29335, 23687, 23072, ]
5.33884e+06 (ms)  : 13 => [68368, 65091, 63707, 62494, 57830, 61292, 40370, 38965, 32719, 29335, 23687, 23072, 22726, ]
5.33884e+06 (ms)  : 14 => [68368, 65091, 63707, 62494, 57830, 61292, 40370, 38965, 32719, 29335, 23687, 23072, 22726, 14945, ]
5.33884e+06 (ms)  : 15 => [68368, 65091, 63707, 62494, 57830, 61292, 40370, 38965, 32719, 29335, 23687, 23072, 22726, 14945, 10598, ]
5.33884e+06 (ms)  : 16 => [68368, 65091, 63707, 62494, 57830, 61292, 40370, 38965, 32719, 29335, 23687, 23072, 22726, 14945, 10598, 8307, ]
5.33884e+06 (ms)  : 17 => [68368, 65091, 63707, 62494, 57830, 61292, 40370, 38965, 32719, 29335, 23687, 23072, 22726, 14945, 10598, 8307, 67872, ]
5.33884e+06 (ms)  : 18 => [68368, 65091, 63707, 62494, 57830, 61292, 40370, 38965, 32719, 29335, 23687, 23072, 22726, 14945, 10598, 8307, 67872, 31503, ]
5.33884e+06 (ms)  : 19 => [68368, 65091, 63707, 62494, 57830, 61292, 40370, 38965, 32719, 29335, 23687, 23072, 22726, 14945, 10598, 8307, 67872, 31503, 16685, ]
5.33884e+06 (ms)  : 20 => [68368, 65091, 63707, 62494, 57830, 61292, 40370, 38965, 32719, 29335, 23687, 23072, 22726, 14945, 10598, 8307, 67872, 31503, 16685, 16687, ]
5.33884e+06 (ms)  : 21 => [55443, 53450, 51840, 51294, 47542, 46344, 42819, 40435, 38500, 38055, 37963, 26398, 25092, 24711, 23825, 19470, 18433, 15618, 5339, 11078, 10431, ]
5.33884e+06 (ms)  : 22 => [55443, 53450, 51840, 51294, 47542, 46344, 42819, 40435, 38500, 38055, 37963, 26398, 25092, 24711, 23825, 19470, 18433, 15618, 5339, 11078, 10431, 6543, ]
5.33884e+06 (ms)  : 23 => [55443, 53450, 51840, 51294, 47542, 46344, 42819, 40435, 38500, 38055, 37963, 26398, 25092, 24711, 23825, 19470, 18433, 15618, 5339, 11078, 10431, 6543, 6517, ]
5.33884e+06 (ms)  : 24 => [55443, 53450, 51840, 51294, 47542, 46344, 42819, 40435, 38500, 38055, 37963, 26398, 25092, 24711, 23825, 19470, 18433, 15618, 5339, 11078, 10431, 6543, 6517, 6055, ]
5.33884e+06 (ms)  : 25 => [55443, 53450, 51840, 51294, 47542, 46344, 42819, 40435, 38500, 38055, 37963, 26398, 25092, 24711, 23825, 19470, 18433, 15618, 5339, 11078, 10431, 6543, 6517, 6055, 361, ]
5.33884e+06 (ms)  : 26 => [55443, 53450, 51840, 51294, 47542, 46344, 42819, 40435, 38500, 38055, 37963, 26398, 25092, 24711, 23825, 19470, 18433, 15618, 5339, 11078, 10431, 6543, 6517, 6055, 361, 32833, ]
5.33884e+06 (ms)  : 27 => [55443, 53450, 51840, 51294, 47542, 46344, 42819, 40435, 38500, 38055, 37963, 26398, 25092, 24711, 23825, 19470, 18433, 15618, 5339, 11078, 10431, 6543, 6517, 6055, 361, 32833, 48098, ]
5.33884e+06 (ms)  : 28 => [55443, 53450, 51840, 51294, 47542, 46344, 42819, 40435, 38500, 38055, 37963, 26398, 25092, 24711, 23825, 19470, 18433, 15618, 5339, 11078, 10431, 6543, 6517, 6055, 361, 32833, 48098, 6254, ]
5.33884e+06 (ms)  : 29 => [55443, 53450, 51840, 51294, 47542, 46344, 42819, 40435, 38500, 38055, 37963, 26398, 25092, 24711, 23825, 19470, 18433, 15618, 5339, 11078, 10431, 6543, 6517, 6055, 361, 32833, 48098, 6254, 39085, ]
5.33884e+06 (ms)  : 30 => [55443, 53450, 51840, 51294, 47542, 46344, 42819, 40435, 38500, 38055, 37963, 26398, 25092, 24711, 23825, 19470, 18433, 15618, 5339, 11078, 10431, 6543, 6517, 6055, 361, 32833, 48098, 6254, 39085, 49074, ]
5.33884e+06 (ms)  : 31 => [55443, 53450, 51840, 51294, 47542, 46344, 42819, 40435, 38500, 38055, 37963, 26398, 25092, 24711, 23825, 19470, 18433, 15618, 5339, 11078, 10431, 6543, 6517, 6055, 361, 32833, 48098, 6254, 39085, 49074, 49958, ]
